service_date,day_type,bus,rail_boardings,total_rides
2001-01-01,Sunday/Holiday,297192,126455,423647
2001-01-02,Weekday,780827,501952,1282779
2001-01-03,Weekday,824923,536432,1361355
2001-01-04,Weekday,870021,550011,1420032
2001-01-05,Weekday,890426,557917,1448343
2001-01-06,Saturday,577401,255356,832757
2001-01-07,Sunday/Holiday,375831,169825,545656
2001-01-08,Weekday,985221,590706,1575927
2001-01-09,Weekday,978377,599905,1578282
2001-01-10,Weekday,984884,602052,1586936
2001-01-11,Weekday,995561,607503,1603064
2001-01-12,Weekday,1018985,605252,1624237
2001-01-13,Saturday,591791,270056,861847
2001-01-14,Sunday/Holiday,373091,174842,547933
2001-01-15,Weekday,675845,412149,1087994
2001-01-16,Weekday,1024367,622163,1646530
2001-01-17,Weekday,1018690,620343,1639033
2001-01-18,Weekday,1006996,618832,1625828
2001-01-19,Weekday,909964,583851,1493815
2001-01-20,Saturday,582348,263815,846163
2001-01-21,Sunday/Holiday,378381,172107,550488
2001-01-22,Weekday,1005936,598777,1604713
2001-01-23,Weekday,1019983,610352,1630335
2001-01-24,Weekday,991661,606835,1598496
2001-01-25,Weekday,1004257,609877,1614134
2001-01-26,Weekday,965324,597039,1562363
2001-01-27,Saturday,590836,268078,858914
2001-01-28,Sunday/Holiday,368819,174434,543253
2001-01-29,Weekday,953532,587052,1540584
2001-01-30,Weekday,982046,607858,1589904
2001-01-31,Weekday,999392,610508,1609900
2001-02-01,Weekday,1054608,615268,1669876
2001-02-02,Weekday,966701,577767,1544468
2001-02-03,Saturday,611703,263612,875315
2001-02-04,Sunday/Holiday,404212,178398,582610
2001-02-05,Weekday,1045944,600588,1646532
2001-02-06,Weekday,1039393,612435,1651828
2001-02-07,Weekday,1015059,609022,1624081
2001-02-08,Weekday,1007760,610237,1617997
2001-02-09,Weekday,970826,593354,1564180
2001-02-10,Saturday,605404,271313,876717
2001-02-11,Sunday/Holiday,405433,178810,584243
2001-02-12,Weekday,872330,539393,1411723
2001-02-13,Weekday,1050834,622753,1673587
2001-02-14,Weekday,1004304,610966,1615270
2001-02-15,Weekday,1028938,613323,1642261
2001-02-16,Weekday,1033040,601418,1634458
2001-02-17,Saturday,591717,269294,861011
2001-02-18,Sunday/Holiday,388788,176855,565643
2001-02-19,Weekday,782447,457891,1240338
2001-02-20,Weekday,1035400,610284,1645684
2001-02-21,Weekday,986212,600133,1586345
2001-02-22,Weekday,986399,606302,1592701
2001-02-23,Weekday,1024235,602352,1626587
2001-02-24,Saturday,505193,246795,751988
2001-02-25,Sunday/Holiday,351637,172132,523769
2001-02-26,Weekday,1009329,609256,1618585
2001-02-27,Weekday,1000630,609305,1609935
2001-02-28,Weekday,990416,610013,1600429
2001-03-01,Weekday,1051889,618440,1670329
2001-03-02,Weekday,1062234,611578,1673812
2001-03-03,Saturday,678870,286786,965656
2001-03-04,Sunday/Holiday,385978,178292,564270
2001-03-05,Weekday,863086,549759,1412845
2001-03-06,Weekday,1013530,603561,1617091
2001-03-07,Weekday,1028462,616666,1645128
2001-03-08,Weekday,1000946,611371,1612317
2001-03-09,Weekday,1038368,606672,1645040
2001-03-10,Saturday,633472,283251,916723
2001-03-11,Sunday/Holiday,410081,188228,598309
2001-03-12,Weekday,979411,588857,1568268
2001-03-13,Weekday,1017685,611347,1629032
2001-03-14,Weekday,1025283,619417,1644700
2001-03-15,Weekday,960667,596612,1557279
2001-03-16,Weekday,923613,583359,1506972
2001-03-17,Saturday,602158,343893,946051
2001-03-18,Sunday/Holiday,412146,194257,606403
2001-03-19,Weekday,1021700,602469,1624169
2001-03-20,Weekday,1034388,618340,1652728
2001-03-21,Weekday,1029332,616764,1646096
2001-03-22,Weekday,1030741,617815,1648556
2001-03-23,Weekday,1030685,605605,1636290
2001-03-24,Saturday,604139,277028,881167
2001-03-25,Sunday/Holiday,348817,170742,519559
2001-03-26,Weekday,989316,583176,1572492
2001-03-27,Weekday,1017904,600914,1618818
2001-03-28,Weekday,1007699,601999,1609698
2001-03-29,Weekday,1020098,605027,1625125
2001-03-30,Weekday,978244,590403,1568647
2001-03-31,Saturday,626223,280950,907173
2001-04-01,Sunday/Holiday,417716,192717,610433
2001-04-02,Weekday,1023629,611098,1634727
2001-04-03,Weekday,1057275,613993,1671268
2001-04-04,Weekday,1047634,625348,1672982
2001-04-05,Weekday,973118,606535,1579653
2001-04-06,Weekday,1015046,611352,1626398
2001-04-07,Saturday,642265,297971,940236
2001-04-08,Sunday/Holiday,437035,200720,637755
2001-04-09,Weekday,998290,596418,1594708
2001-04-10,Weekday,1024817,613311,1638128
2001-04-11,Weekday,985906,606764,1592670
2001-04-12,Weekday,991795,608691,1600486
2001-04-13,Weekday,865706,527116,1392822
2001-04-14,Saturday,628526,279728,908254
2001-04-15,Sunday/Holiday,364972,163191,528163
2001-04-16,Weekday,859713,564614,1424327
2001-04-17,Weekday,877834,583859,1461693
2001-04-18,Weekday,907539,599600,1507139
2001-04-19,Weekday,917518,596505,1514023
2001-04-20,Weekday,922082,590659,1512741
2001-04-21,Saturday,603039,293701,896740
2001-04-22,Sunday/Holiday,384255,185526,569781
2001-04-23,Weekday,979788,590446,1570234
2001-04-24,Weekday,1031150,618513,1649663
2001-04-25,Weekday,977794,609447,1587241
2001-04-26,Weekday,1028140,624617,1652757
2001-04-27,Weekday,1034472,610723,1645195
2001-04-28,Saturday,624970,289747,914717
2001-04-29,Sunday/Holiday,423377,200002,623379
2001-04-30,Weekday,1008390,600424,1608814
2001-05-01,Weekday,1067496,632996,1700492
2001-05-02,Weekday,1034088,627894,1661982
2001-05-03,Weekday,1065048,634792,1699840
2001-05-04,Weekday,1046692,621087,1667779
2001-05-05,Saturday,637957,307025,944982
2001-05-06,Sunday/Holiday,417760,206450,624210
2001-05-07,Weekday,1007381,598338,1605719
2001-05-08,Weekday,1044379,621604,1665983
2001-05-09,Weekday,1041324,619928,1661252
2001-05-10,Weekday,1018705,614067,1632772
2001-05-11,Weekday,1004068,600295,1604363
2001-05-12,Saturday,649008,289167,938175
2001-05-13,Sunday/Holiday,422270,200996,623266
2001-05-14,Weekday,963027,581644,1544671
2001-05-15,Weekday,1035512,633053,1668565
2001-05-16,Weekday,995884,627978,1623862
2001-05-17,Weekday,1006118,628882,1635000
2001-05-18,Weekday,1027834,628829,1656663
2001-05-19,Saturday,645603,315487,961090
2001-05-20,Sunday/Holiday,427040,217899,644939
2001-05-21,Weekday,958236,590204,1548440
2001-05-22,Weekday,1019568,637152,1656720
2001-05-23,Weekday,978614,619656,1598270
2001-05-24,Weekday,973423,615727,1589150
2001-05-25,Weekday,988982,597892,1586874
2001-05-26,Saturday,512958,269276,782234
2001-05-27,Sunday/Holiday,390535,208208,598743
2001-05-28,Sunday/Holiday,392906,191639,584545
2001-05-29,Weekday,1003029,595375,1598404
2001-05-30,Weekday,1002940,607442,1610382
2001-05-31,Weekday,965359,602748,1568107
2001-06-01,Weekday,1057056,611631,1668687
2001-06-02,Saturday,618944,282212,901156
2001-06-03,Sunday/Holiday,432408,204795,637203
2001-06-04,Weekday,1029447,599699,1629146
2001-06-05,Weekday,935443,606051,1541494
2001-06-06,Weekday,1004243,627572,1631815
2001-06-07,Weekday,1004748,646177,1650925
2001-06-08,Weekday,1012502,642049,1654551
2001-06-09,Saturday,639444,358013,997457
2001-06-10,Sunday/Holiday,438393,242257,680650
2001-06-11,Weekday,910186,586260,1496446
2001-06-12,Weekday,946314,605737,1552051
2001-06-13,Weekday,911372,599114,1510486
2001-06-14,Weekday,891710,602538,1494248
2001-06-15,Weekday,912712,612983,1525695
2001-06-16,Saturday,675335,340782,1016117
2001-06-17,Sunday/Holiday,422714,237483,660197
2001-06-18,Weekday,909937,590688,1500625
2001-06-19,Weekday,944122,613028,1557150
2001-06-20,Weekday,939471,612707,1552178
2001-06-21,Weekday,900375,596076,1496451
2001-06-22,Weekday,957514,626565,1584079
2001-06-23,Saturday,631716,328467,960183
2001-06-24,Sunday/Holiday,443240,281620,724860
2001-06-25,Weekday,947130,621006,1568136
2001-06-26,Weekday,944301,635326,1579627
2001-06-27,Weekday,944274,634994,1579268
2001-06-28,Weekday,942731,611002,1553733
2001-06-29,Weekday,996694,666587,1663281
2001-06-30,Saturday,649995,363078,1013073
2001-07-01,Sunday/Holiday,435317,271052,706369
2001-07-02,Weekday,958879,627767,1586646
2001-07-03,Weekday,990209,827670,1817879
2001-07-04,Sunday/Holiday,461383,306172,767555
2001-07-05,Weekday,918500,606574,1525074
2001-07-06,Weekday,958011,643965,1601976
2001-07-07,Saturday,599172,347374,946546
2001-07-08,Sunday/Holiday,439513,256208,695721
2001-07-09,Weekday,935542,597633,1533175
2001-07-10,Weekday,937066,610069,1547135
2001-07-11,Weekday,960775,614294,1575069
2001-07-12,Weekday,949551,636236,1585787
2001-07-13,Weekday,957097,641244,1598341
2001-07-14,Saturday,629660,333365,963025
2001-07-15,Sunday/Holiday,420137,241827,661964
2001-07-16,Weekday,880246,623660,1503906
2001-07-17,Weekday,920250,625940,1546190
2001-07-18,Weekday,935427,612765,1548192
2001-07-19,Weekday,949691,618451,1568142
2001-07-20,Weekday,937942,610617,1548559
2001-07-21,Saturday,593545,305457,899002
2001-07-22,Sunday/Holiday,379766,200473,580239
2001-07-23,Weekday,854318,574685,1429003
2001-07-24,Weekday,939133,630753,1569886
2001-07-25,Weekday,874776,612547,1487323
2001-07-26,Weekday,954848,636674,1591522
2001-07-27,Weekday,933625,634484,1568109
2001-07-28,Saturday,607195,357848,965043
2001-07-29,Sunday/Holiday,432534,236416,668950
2001-07-30,Weekday,908372,586076,1494448
2001-07-31,Weekday,884617,596502,1481119
2001-08-01,Weekday,873553,612734,1486287
2001-08-02,Weekday,790639,549367,1340006
2001-08-03,Weekday,984483,603405,1587888
2001-08-04,Saturday,648406,319386,967792
2001-08-05,Sunday/Holiday,453344,225172,678516
2001-08-06,Weekday,907499,585919,1493418
2001-08-07,Weekday,875431,610601,1486032
2001-08-08,Weekday,854367,596163,1450530
2001-08-09,Weekday,846305,602242,1448547
2001-08-10,Weekday,946431,626136,1572567
2001-08-11,Saturday,607614,323141,930755
2001-08-12,Sunday/Holiday,420182,234020,654202
2001-08-13,Weekday,892382,571719,1464101
2001-08-14,Weekday,866757,598019,1464776
2001-08-15,Weekday,878793,584203,1462996
2001-08-16,Weekday,800887,581402,1382289
2001-08-17,Weekday,929083,598538,1527621
2001-08-18,Saturday,569201,296970,866171
2001-08-19,Sunday/Holiday,439920,235842,675762
2001-08-20,Weekday,876831,606101,1482932
2001-08-21,Weekday,894995,608242,1503237
2001-08-22,Weekday,864392,599157,1463549
2001-08-23,Weekday,906026,612615,1518641
2001-08-24,Weekday,926014,619276,1545290
2001-08-25,Saturday,518211,290626,808837
2001-08-26,Sunday/Holiday,439715,245014,684729
2001-08-27,Weekday,900370,590849,1491219
2001-08-28,Weekday,933626,628532,1562158
2001-08-29,Weekday,901782,625324,1527106
2001-08-30,Weekday,913200,617044,1530244
2001-08-31,Weekday,986749,616977,1603726
2001-09-01,Saturday,639977,319699,959676
2001-09-02,Sunday/Holiday,470771,243520,714291
2001-09-03,Sunday/Holiday,448248,213584,661832
2001-09-04,Weekday,1120482,625640,1746122
2001-09-05,Weekday,1047878,644950,1692828
2001-09-06,Weekday,1053246,644766,1698012
2001-09-07,Weekday,1070339,659824,1730163
2001-09-08,Saturday,645427,341332,986759
2001-09-09,Sunday/Holiday,492026,215773,707799
2001-09-10,Weekday,1075781,661092,1736873
2001-09-11,Weekday,957593,525953,1483546
2001-09-12,Weekday,931165,588507,1519672
2001-09-13,Weekday,1010171,607718,1617889
2001-09-14,Weekday,1034666,613645,1648311
2001-09-15,Saturday,615097,277875,892972
2001-09-16,Sunday/Holiday,417392,191270,608662
2001-09-17,Weekday,919985,609381,1529366
2001-09-18,Weekday,1039365,626518,1665883
2001-09-19,Weekday,939442,625612,1565054
2001-09-20,Weekday,973094,646112,1619206
2001-09-21,Weekday,967583,626032,1593615
2001-09-22,Saturday,641096,307331,948427
2001-09-23,Sunday/Holiday,361048,190813,551861
2001-09-24,Weekday,940207,622061,1562268
2001-09-25,Weekday,968563,638815,1607378
2001-09-26,Weekday,1028542,639258,1667800
2001-09-27,Weekday,1024125,642860,1666985
2001-09-28,Weekday,1024142,645884,1670026
2001-09-29,Saturday,639464,330008,969472
2001-09-30,Sunday/Holiday,412037,219852,631889
2001-10-01,Weekday,1069361,639795,1709156
2001-10-02,Weekday,1078342,658020,1736362
2001-10-03,Weekday,1018388,657170,1675558
2001-10-04,Weekday,902598,649681,1552279
2001-10-05,Weekday,1034680,651273,1685953
2001-10-06,Saturday,628587,326860,955447
2001-10-07,Sunday/Holiday,404926,287483,692409
2001-10-08,Weekday,802729,531294,1334023
2001-10-09,Weekday,1055377,645072,1700449
2001-10-10,Weekday,898767,637568,1536335
2001-10-11,Weekday,1025128,647937,1673065
2001-10-12,Weekday,1000153,625089,1625242
2001-10-13,Saturday,515481,273528,789009
2001-10-14,Sunday/Holiday,409065,209437,618502
2001-10-15,Weekday,1037513,627937,1665450
2001-10-16,Weekday,1022047,634396,1656443
2001-10-17,Weekday,1036702,641266,1677968
2001-10-18,Weekday,1017434,646140,1663574
2001-10-19,Weekday,956423,642121,1598544
2001-10-20,Saturday,632093,319399,951492
2001-10-21,Sunday/Holiday,433014,213638,646652
2001-10-22,Weekday,1012782,621894,1634676
2001-10-23,Weekday,1000304,638393,1638697
2001-10-24,Weekday,867027,625218,1492245
2001-10-25,Weekday,947047,618401,1565448
2001-10-26,Weekday,981933,613047,1594980
2001-10-27,Saturday,582223,291912,874135
2001-10-28,Sunday/Holiday,405374,208481,613855
2001-10-29,Weekday,1019942,623086,1643028
2001-10-30,Weekday,994503,629005,1623508
2001-10-31,Weekday,978585,628587,1607172
2001-11-01,Weekday,1029256,641642,1670898
2001-11-02,Weekday,1042714,645966,1688680
2001-11-03,Saturday,648350,315004,963354
2001-11-04,Sunday/Holiday,443453,222988,666441
2001-11-05,Weekday,1057697,629864,1687561
2001-11-06,Weekday,1044478,638448,1682926
2001-11-07,Weekday,1033982,640396,1674378
2001-11-08,Weekday,1004574,636400,1640974
2001-11-09,Weekday,931849,620257,1552106
2001-11-10,Saturday,618184,322793,940977
2001-11-11,Sunday/Holiday,416118,218931,635049
2001-11-12,Weekday,812747,527242,1339989
2001-11-13,Weekday,1026715,641101,1667816
2001-11-14,Weekday,994462,624162,1618624
2001-11-15,Weekday,983434,615519,1598953
2001-11-16,Weekday,1046467,623566,1670033
2001-11-17,Saturday,653210,354828,1008038
2001-11-18,Sunday/Holiday,414683,201199,615882
2001-11-19,Weekday,999890,600948,1600838
2001-11-20,Weekday,1005581,612391,1617972
2001-11-21,Weekday,988420,589664,1578084
2001-11-22,Sunday/Holiday,322788,151915,474703
2001-11-23,Weekday,641780,356646,998426
2001-11-24,Saturday,504548,253414,757962
2001-11-25,Sunday/Holiday,373755,186416,560171
2001-11-26,Weekday,993754,600439,1594193
2001-11-27,Weekday,985583,613858,1599441
2001-11-28,Weekday,981842,614405,1596247
2001-11-29,Weekday,972155,613392,1585547
2001-11-30,Weekday,1039082,625037,1664119
2001-12-01,Saturday,640965,307646,948611
2001-12-02,Sunday/Holiday,418878,210748,629626
2001-12-03,Weekday,1051222,599106,1650328
2001-12-04,Weekday,1049416,613294,1662710
2001-12-05,Weekday,1039940,622264,1662204
2001-12-06,Weekday,1020021,623428,1643449
2001-12-07,Weekday,1023743,618300,1642043
2001-12-08,Saturday,620074,315639,935713
2001-12-09,Sunday/Holiday,406917,207697,614614
2001-12-10,Weekday,1005376,597416,1602792
2001-12-11,Weekday,1010462,614387,1624849
2001-12-12,Weekday,981259,609660,1590919
2001-12-13,Weekday,990166,610845,1601011
2001-12-14,Weekday,982986,600798,1583784
2001-12-15,Saturday,623138,319051,942189
2001-12-16,Sunday/Holiday,407448,213347,620795
2001-12-17,Weekday,995060,593314,1588374
2001-12-18,Weekday,1014592,608735,1623327
2001-12-19,Weekday,958790,591815,1550605
2001-12-20,Weekday,987827,586572,1574399
2001-12-21,Weekday,994499,569456,1563955
2001-12-22,Saturday,586969,268254,855223
2001-12-23,Sunday/Holiday,393359,184628,577987
2001-12-24,Weekday,525908,257022,782930
2001-12-25,Sunday/Holiday,218872,93525,312397
2001-12-26,Weekday,619967,380064,1000031
2001-12-27,Weekday,690465,436814,1127279
2001-12-28,Weekday,739404,456879,1196283
2001-12-29,Saturday,473194,224772,697966
2001-12-30,Sunday/Holiday,306871,160102,466973
2001-12-31,Weekday,650794,321388,972182
2002-01-01,Sunday/Holiday,294360,122471,416831
2002-01-02,Weekday,766853,491630,1258483
2002-01-03,Weekday,838088,523292,1361380
2002-01-04,Weekday,858709,528849,1387558
2002-01-05,Saturday,542470,245820,788290
2002-01-06,Sunday/Holiday,370508,177606,548114
2002-01-07,Weekday,953807,568929,1522736
2002-01-08,Weekday,973200,585667,1558867
2002-01-09,Weekday,985622,591671,1577293
2002-01-10,Weekday,974188,591742,1565930
2002-01-11,Weekday,1006535,591718,1598253
2002-01-12,Saturday,565955,266826,832781
2002-01-13,Sunday/Holiday,371378,176272,547650
2002-01-14,Weekday,985931,593642,1579573
2002-01-15,Weekday,983090,601489,1584579
2002-01-16,Weekday,955758,608009,1563767
2002-01-17,Weekday,968715,598282,1566997
2002-01-18,Weekday,967930,581331,1549261
2002-01-19,Saturday,556405,273407,829812
2002-01-20,Sunday/Holiday,374069,180903,554972
2002-01-21,Weekday,648994,392312,1041306
2002-01-22,Weekday,1012565,603877,1616442
2002-01-23,Weekday,990484,600427,1590911
2002-01-24,Weekday,1007218,605974,1613192
2002-01-25,Weekday,1028432,601352,1629784
2002-01-26,Saturday,611356,283489,894845
2002-01-27,Sunday/Holiday,408878,189116,597994
2002-01-28,Weekday,1009923,595606,1605529
2002-01-29,Weekday,979719,597598,1577317
2002-01-30,Weekday,936013,602737,1538750
2002-01-31,Weekday,879895,602988,1482883
2002-02-01,Weekday,954707,585087,1539794
2002-02-02,Saturday,614544,273954,888498
2002-02-03,Sunday/Holiday,401958,180019,581977
2002-02-04,Weekday,988315,576117,1564432
2002-02-05,Weekday,997471,596800,1594271
2002-02-06,Weekday,1011650,597747,1609397
2002-02-07,Weekday,1011915,600731,1612646
2002-02-08,Weekday,1027036,594502,1621538
2002-02-09,Saturday,650477,296011,946488
2002-02-10,Sunday/Holiday,379613,180097,559710
2002-02-11,Weekday,985014,592118,1577132
2002-02-12,Weekday,811567,541814,1353381
2002-02-13,Weekday,1019675,612626,1632301
2002-02-14,Weekday,1014122,609706,1623828
2002-02-15,Weekday,1007654,589737,1597391
2002-02-16,Saturday,617307,292835,910142
2002-02-17,Sunday/Holiday,423922,209261,633183
2002-02-18,Weekday,759013,458524,1217537
2002-02-19,Weekday,985390,597374,1582764
2002-02-20,Weekday,986615,601360,1587975
2002-02-21,Weekday,977261,603816,1581077
2002-02-22,Weekday,1016162,592329,1608491
2002-02-23,Saturday,629609,292764,922373
2002-02-24,Sunday/Holiday,421160,199343,620503
2002-02-25,Weekday,979843,581612,1561455
2002-02-26,Weekday,933204,587918,1521122
2002-02-27,Weekday,939542,587701,1527243
2002-02-28,Weekday,941136,592045,1533181
2002-03-01,Weekday,973482,593596,1567078
2002-03-02,Saturday,512767,264847,777614
2002-03-03,Sunday/Holiday,331715,174890,506605
2002-03-04,Weekday,726815,493625,1220440
2002-03-05,Weekday,978944,588656,1567600
2002-03-06,Weekday,1008215,593126,1601341
2002-03-07,Weekday,1008102,594952,1603054
2002-03-08,Weekday,993813,587766,1581579
2002-03-09,Saturday,493346,254471,747817
2002-03-10,Sunday/Holiday,361758,180401,542159
2002-03-11,Weekday,1008613,591093,1599706
2002-03-12,Weekday,1021380,612457,1633837
2002-03-13,Weekday,1022145,615718,1637863
2002-03-14,Weekday,1010579,607626,1618205
2002-03-15,Weekday,1005654,591415,1597069
2002-03-16,Saturday,615103,342098,957201
2002-03-17,Sunday/Holiday,390344,189640,579984
2002-03-18,Weekday,992913,579486,1572399
2002-03-19,Weekday,990801,590290,1581091
2002-03-20,Weekday,993245,591401,1584646
2002-03-21,Weekday,930667,574802,1505469
2002-03-22,Weekday,961386,564876,1526262
2002-03-23,Saturday,617210,290118,907328
2002-03-24,Sunday/Holiday,370997,190845,561842
2002-03-25,Weekday,895573,544841,1440414
2002-03-26,Weekday,938869,571086,1509955
2002-03-27,Weekday,989393,580724,1570117
2002-03-28,Weekday,965734,571056,1536790
2002-03-29,Weekday,755230,472276,1227506
2002-03-30,Saturday,616271,268843,885114
2002-03-31,Sunday/Holiday,377026,158135,535161
2002-04-01,Weekday,971162,566861,1538023
2002-04-02,Weekday,970537,585155,1555692
2002-04-03,Weekday,1007100,597081,1604181
2002-04-04,Weekday,995075,600930,1596005
2002-04-05,Weekday,1014222,613919,1628141
2002-04-06,Saturday,639707,318104,957811
2002-04-07,Sunday/Holiday,355354,180625,535979
2002-04-08,Weekday,937560,578417,1515977
2002-04-09,Weekday,1013106,607047,1620153
2002-04-10,Weekday,1020986,618972,1639958
2002-04-11,Weekday,1036014,629240,1665254
2002-04-12,Weekday,917031,591700,1508731
2002-04-13,Saturday,631465,308737,940202
2002-04-14,Sunday/Holiday,438900,210876,649776
2002-04-15,Weekday,926258,586214,1512472
2002-04-16,Weekday,899896,599906,1499802
2002-04-17,Weekday,892185,593532,1485717
2002-04-18,Weekday,896865,594280,1491145
2002-04-19,Weekday,905545,591974,1497519
2002-04-20,Saturday,574009,300177,874186
2002-04-21,Sunday/Holiday,356144,190405,546549
2002-04-22,Weekday,974101,583247,1557348
2002-04-23,Weekday,1021788,620463,1642251
2002-04-24,Weekday,918721,602085,1520806
2002-04-25,Weekday,1000933,626040,1626973
2002-04-26,Weekday,1026348,615024,1641372
2002-04-27,Saturday,513069,272746,785815
2002-04-28,Sunday/Holiday,365481,201038,566519
2002-04-29,Weekday,1001321,584792,1586113
2002-04-30,Weekday,1000608,604417,1605025
2002-05-01,Weekday,1031532,605198,1636730
2002-05-02,Weekday,976392,598086,1574478
2002-05-03,Weekday,1075694,606513,1682207
2002-05-04,Saturday,660227,312131,972358
2002-05-05,Sunday/Holiday,443915,207913,651828
2002-05-06,Weekday,994227,598141,1592368
2002-05-07,Weekday,1010608,616111,1626719
2002-05-08,Weekday,968509,600435,1568944
2002-05-09,Weekday,1009271,614202,1623473
2002-05-10,Weekday,1047188,609528,1656716
2002-05-11,Saturday,492841,252501,745342
2002-05-12,Sunday/Holiday,358446,185931,544377
2002-05-13,Weekday,975822,570031,1545853
2002-05-14,Weekday,1009365,598752,1608117
2002-05-15,Weekday,1015551,600667,1616218
2002-05-16,Weekday,906240,579727,1485967
2002-05-17,Weekday,991682,583205,1574887
2002-05-18,Saturday,638862,298727,937589
2002-05-19,Sunday/Holiday,419434,204421,623855
2002-05-20,Weekday,994112,582646,1576758
2002-05-21,Weekday,1008846,613667,1622513
2002-05-22,Weekday,999920,618307,1618227
2002-05-23,Weekday,969174,606199,1575373
2002-05-24,Weekday,995434,576461,1571895
2002-05-25,Saturday,558891,270672,829563
2002-05-26,Sunday/Holiday,436570,216172,652742
2002-05-27,Sunday/Holiday,395210,200876,596086
2002-05-28,Weekday,959547,588932,1548479
2002-05-29,Weekday,980049,601576,1581625
2002-05-30,Weekday,990460,606972,1597432
2002-05-31,Weekday,1040502,635809,1676311
2002-06-01,Saturday,667264,371223,1038487
2002-06-02,Sunday/Holiday,423135,238648,661783
2002-06-03,Weekday,1001778,583147,1584925
2002-06-04,Weekday,915667,575065,1490732
2002-06-05,Weekday,1005307,602096,1607403
2002-06-06,Weekday,1044279,611344,1655623
2002-06-07,Weekday,1036716,606193,1642909
2002-06-08,Saturday,649574,323142,972716
2002-06-09,Sunday/Holiday,446760,228298,675058
2002-06-10,Weekday,944065,583512,1527577
2002-06-11,Weekday,969387,604162,1573549
2002-06-12,Weekday,986714,606658,1593372
2002-06-13,Weekday,967153,596032,1563185
2002-06-14,Weekday,980140,605447,1585587
2002-06-15,Saturday,644968,318379,963347
2002-06-16,Sunday/Holiday,456833,225229,682062
2002-06-17,Weekday,980090,576747,1556837
2002-06-18,Weekday,996706,619540,1616246
2002-06-19,Weekday,992928,618449,1611377
2002-06-20,Weekday,975703,628191,1603894
2002-06-21,Weekday,979910,616117,1596027
2002-06-22,Saturday,634013,341170,975183
2002-06-23,Sunday/Holiday,444454,232456,676910
2002-06-24,Weekday,884749,597643,1482392
2002-06-25,Weekday,926613,600847,1527460
2002-06-26,Weekday,879533,601333,1480866
2002-06-27,Weekday,914452,613276,1527728
2002-06-28,Weekday,934562,650340,1584902
2002-06-29,Saturday,636792,369705,1006497
2002-06-30,Sunday/Holiday,441101,309418,750519
2002-07-01,Weekday,948966,601509,1550475
2002-07-02,Weekday,955991,621541,1577532
2002-07-03,Weekday,1004276,785621,1789897
2002-07-04,Sunday/Holiday,441126,279204,720330
2002-07-05,Weekday,807831,500685,1308516
2002-07-06,Saturday,597877,324834,922711
2002-07-07,Sunday/Holiday,445916,256321,702237
2002-07-08,Weekday,929870,575055,1504925
2002-07-09,Weekday,919623,579348,1498971
2002-07-10,Weekday,941513,591208,1532721
2002-07-11,Weekday,969657,594276,1563933
2002-07-12,Weekday,963191,618865,1582056
2002-07-13,Saturday,624850,324416,949266
2002-07-14,Sunday/Holiday,433166,239865,673031
2002-07-15,Weekday,949705,608087,1557792
2002-07-16,Weekday,946077,621832,1567909
2002-07-17,Weekday,931752,595378,1527130
2002-07-18,Weekday,942643,596288,1538931
2002-07-19,Weekday,960153,612971,1573124
2002-07-20,Saturday,635657,339113,974770
2002-07-21,Sunday/Holiday,412477,229156,641633
2002-07-22,Weekday,900537,595784,1496321
2002-07-23,Weekday,955084,623156,1578240
2002-07-24,Weekday,945502,617518,1563020
2002-07-25,Weekday,931679,608190,1539869
2002-07-26,Weekday,942389,590601,1532990
2002-07-27,Saturday,595484,327980,923464
2002-07-28,Sunday/Holiday,414913,215040,629953
2002-07-29,Weekday,893147,565324,1458471
2002-07-30,Weekday,934322,614162,1548484
2002-07-31,Weekday,912632,603775,1516407
2002-08-01,Weekday,969159,607964,1577123
2002-08-02,Weekday,1004199,612785,1616984
2002-08-03,Saturday,674990,325279,1000269
2002-08-04,Sunday/Holiday,451144,234620,685764
2002-08-05,Weekday,941406,569627,1511033
2002-08-06,Weekday,955681,592722,1548403
2002-08-07,Weekday,940727,585313,1526040
2002-08-08,Weekday,945096,589840,1534936
2002-08-09,Weekday,968109,592938,1561047
2002-08-10,Saturday,667701,340015,1007716
2002-08-11,Sunday/Holiday,437332,230526,667858
2002-08-12,Weekday,908503,579800,1488303
2002-08-13,Weekday,871791,578996,1450787
2002-08-14,Weekday,893558,586107,1479665
2002-08-15,Weekday,920323,599375,1519698
2002-08-16,Weekday,903666,592393,1496059
2002-08-17,Saturday,644076,340569,984645
2002-08-18,Sunday/Holiday,490868,285298,776166
2002-08-19,Weekday,847798,545503,1393301
2002-08-20,Weekday,918696,586734,1505430
2002-08-21,Weekday,904673,572717,1477390
2002-08-22,Weekday,829797,533893,1363690
2002-08-23,Weekday,903292,570031,1473323
2002-08-24,Saturday,625725,308392,934117
2002-08-25,Sunday/Holiday,441076,227484,668560
2002-08-26,Weekday,920546,572967,1493513
2002-08-27,Weekday,923644,596884,1520528
2002-08-28,Weekday,922170,590348,1512518
2002-08-29,Weekday,808555,532322,1340877
2002-08-30,Weekday,987793,608056,1595849
2002-08-31,Saturday,666152,345777,1011929
2002-09-01,Sunday/Holiday,477226,257229,734455
2002-09-02,Sunday/Holiday,381482,201136,582618
2002-09-03,Weekday,1106907,625970,1732877
2002-09-04,Weekday,1087925,634665,1722590
2002-09-05,Weekday,1083538,634950,1718488
2002-09-06,Weekday,1082951,634809,1717760
2002-09-07,Saturday,643335,318886,962221
2002-09-08,Sunday/Holiday,439942,218716,658658
2002-09-09,Weekday,1071206,630453,1701659
2002-09-10,Weekday,1050992,640278,1691270
2002-09-11,Weekday,1045640,631554,1677194
2002-09-12,Weekday,1059762,645114,1704876
2002-09-13,Weekday,1064345,655102,1719447
2002-09-14,Saturday,642689,327322,970011
2002-09-15,Sunday/Holiday,421429,221310,642739
2002-09-16,Weekday,1049667,617848,1667515
2002-09-17,Weekday,1064546,644444,1708990
2002-09-18,Weekday,1039162,643763,1682925
2002-09-19,Weekday,1038608,640884,1679492
2002-09-20,Weekday,1019280,626196,1645476
2002-09-21,Saturday,674983,330553,1005536
2002-09-22,Sunday/Holiday,416973,215142,632115
2002-09-23,Weekday,1055515,637798,1693313
2002-09-24,Weekday,1055580,664958,1720538
2002-09-25,Weekday,1064437,666345,1730782
2002-09-26,Weekday,1057421,662347,1719768
2002-09-27,Weekday,1058970,651373,1710343
2002-09-28,Saturday,632188,338847,971035
2002-09-29,Sunday/Holiday,421618,232441,654059
2002-09-30,Weekday,1048696,634065,1682761
2002-10-01,Weekday,1098830,653561,1752391
2002-10-02,Weekday,1059836,648879,1708715
2002-10-03,Weekday,1100107,655905,1756012
2002-10-04,Weekday,1024955,626723,1651678
2002-10-05,Saturday,672805,338207,1011012
2002-10-06,Sunday/Holiday,423210,223075,646285
2002-10-07,Weekday,1086922,641838,1728760
2002-10-08,Weekday,1074824,650758,1725582
2002-10-09,Weekday,1064324,648974,1713298
2002-10-10,Weekday,1072954,655002,1727956
2002-10-11,Weekday,1074197,658585,1732782
2002-10-12,Saturday,612527,332781,945308
2002-10-13,Sunday/Holiday,407917,323103,731020
2002-10-14,Weekday,806818,542057,1348875
2002-10-15,Weekday,1068455,653527,1721982
2002-10-16,Weekday,1036205,645880,1682085
2002-10-17,Weekday,1030300,645590,1675890
2002-10-18,Weekday,1059316,643043,1702359
2002-10-19,Saturday,654965,333538,988503
2002-10-20,Sunday/Holiday,424767,222167,646934
2002-10-21,Weekday,1057968,632256,1690224
2002-10-22,Weekday,1047657,645112,1692769
2002-10-23,Weekday,1013066,635553,1648619
2002-10-24,Weekday,1014798,642039,1656837
2002-10-25,Weekday,1022926,632981,1655907
2002-10-26,Saturday,626185,331030,957215
2002-10-27,Sunday/Holiday,413385,217556,630941
2002-10-28,Weekday,1041265,628314,1669579
2002-10-29,Weekday,1025525,636398,1661923
2002-10-30,Weekday,1036745,639993,1676738
2002-10-31,Weekday,1000155,635297,1635452
2002-11-01,Weekday,1069031,628183,1697214
2002-11-02,Saturday,647400,313106,960506
2002-11-03,Sunday/Holiday,418620,211506,630126
2002-11-04,Weekday,1072235,633872,1706107
2002-11-05,Weekday,994530,613203,1607733
2002-11-06,Weekday,1045767,644971,1690738
2002-11-07,Weekday,1065889,664817,1730706
2002-11-08,Weekday,995294,646927,1642221
2002-11-09,Saturday,630142,329264,959406
2002-11-10,Sunday/Holiday,419858,220134,639992
2002-11-11,Weekday,780558,519021,1299579
2002-11-12,Weekday,1029700,637242,1666942
2002-11-13,Weekday,1035982,635224,1671206
2002-11-14,Weekday,956533,625010,1581543
2002-11-15,Weekday,1042694,630267,1672961
2002-11-16,Saturday,600110,314114,914224
2002-11-17,Sunday/Holiday,393692,204651,598343
2002-11-18,Weekday,1018831,619368,1638199
2002-11-19,Weekday,1058349,638719,1697068
2002-11-20,Weekday,1033748,630680,1664428
2002-11-21,Weekday,983825,621257,1605082
2002-11-22,Weekday,1030889,618981,1649870
2002-11-23,Saturday,631388,353053,984441
2002-11-24,Sunday/Holiday,393321,202257,595578
2002-11-25,Weekday,992101,602628,1594729
2002-11-26,Weekday,959679,611673,1571352
2002-11-27,Weekday,946620,584367,1530987
2002-11-28,Sunday/Holiday,297477,145995,443472
2002-11-29,Weekday,676405,367260,1043665
2002-11-30,Saturday,525319,255100,780419
2002-12-01,Sunday/Holiday,362192,187150,549342
2002-12-02,Weekday,966808,598780,1565588
2002-12-03,Weekday,1007666,622071,1629737
2002-12-04,Weekday,1003459,610601,1614060
2002-12-05,Weekday,1005218,607822,1613040
2002-12-06,Weekday,1018401,602004,1620405
2002-12-07,Saturday,627855,318034,945889
2002-12-08,Sunday/Holiday,396717,202070,598787
2002-12-09,Weekday,994622,575116,1569738
2002-12-10,Weekday,1030456,601656,1632112
2002-12-11,Weekday,1021640,603601,1625241
2002-12-12,Weekday,1015667,602683,1618350
2002-12-13,Weekday,1020480,600852,1621332
2002-12-14,Saturday,653848,325639,979487
2002-12-15,Sunday/Holiday,435253,216394,651647
2002-12-16,Weekday,1003932,577286,1581218
2002-12-17,Weekday,985528,583328,1568856
2002-12-18,Weekday,939870,571921,1511791
2002-12-19,Weekday,1020038,590493,1610531
2002-12-20,Weekday,984913,565925,1550838
2002-12-21,Saturday,614025,284719,898744
2002-12-22,Sunday/Holiday,404210,194323,598533
2002-12-23,Weekday,827316,467245,1294561
2002-12-24,Weekday,621673,319916,941589
2002-12-25,Sunday/Holiday,237547,96846,334393
2002-12-26,Weekday,661076,372317,1033393
2002-12-27,Weekday,744896,424575,1169471
2002-12-28,Saturday,528087,236606,764693
2002-12-29,Sunday/Holiday,380197,181081,561278
2002-12-30,Weekday,773707,469806,1243513
2002-12-31,Weekday,792623,456865,1249488
2003-01-01,Sunday/Holiday,325478,169985,495463
2003-01-02,Weekday,757781,484840,1242621
2003-01-03,Weekday,861580,515985,1377565
2003-01-04,Saturday,570941,255217,826158
2003-01-05,Sunday/Holiday,377813,177159,554972
2003-01-06,Weekday,982617,574868,1557485
2003-01-07,Weekday,982542,580676,1563218
2003-01-08,Weekday,1011812,592758,1604570
2003-01-09,Weekday,979678,586435,1566113
2003-01-10,Weekday,963808,567691,1531499
2003-01-11,Saturday,506478,250051,756529
2003-01-12,Sunday/Holiday,346918,171467,518385
2003-01-13,Weekday,973653,585781,1559434
2003-01-14,Weekday,940805,594400,1535205
2003-01-15,Weekday,928578,583104,1511682
2003-01-16,Weekday,945280,591915,1537195
2003-01-17,Weekday,973358,584772,1558130
2003-01-18,Saturday,512435,261058,773493
2003-01-19,Sunday/Holiday,327279,172937,500216
2003-01-20,Weekday,604089,375958,980047
2003-01-21,Weekday,954156,590827,1544983
2003-01-22,Weekday,912033,572491,1484524
2003-01-23,Weekday,822317,541015,1363332
2003-01-24,Weekday,893501,546353,1439854
2003-01-25,Saturday,547944,259287,807231
2003-01-26,Sunday/Holiday,335046,168783,503829
2003-01-27,Weekday,922033,564295,1486328
2003-01-28,Weekday,952120,598146,1550266
2003-01-29,Weekday,970605,594588,1565193
2003-01-30,Weekday,993731,601060,1594791
2003-01-31,Weekday,929004,577555,1506559
2003-02-01,Saturday,639705,291226,930931
2003-02-02,Sunday/Holiday,415598,192294,607892
2003-02-03,Weekday,1039918,596186,1636104
2003-02-04,Weekday,980582,597044,1577626
2003-02-05,Weekday,961776,585552,1547328
2003-02-06,Weekday,981973,596888,1578861
2003-02-07,Weekday,953979,573249,1527228
2003-02-08,Saturday,563430,270521,833951
2003-02-09,Sunday/Holiday,367964,180861,548825
2003-02-10,Weekday,948507,584120,1532627
2003-02-11,Weekday,928346,592292,1520638
2003-02-12,Weekday,749254,523192,1272446
2003-02-13,Weekday,978871,597819,1576690
2003-02-14,Weekday,985806,594045,1579851
2003-02-15,Saturday,543945,271823,815768
2003-02-16,Sunday/Holiday,365939,188276,554215
2003-02-17,Weekday,709845,447938,1157783
2003-02-18,Weekday,974450,604717,1579167
2003-02-19,Weekday,982943,605097,1588040
2003-02-20,Weekday,988095,611766,1599861
2003-02-21,Weekday,1005940,601156,1607096
2003-02-22,Saturday,529921,276538,806459
2003-02-23,Sunday/Holiday,377363,185905,563268
2003-02-24,Weekday,908324,574013,1482337
2003-02-25,Weekday,897857,572520,1470377
2003-02-26,Weekday,939161,588630,1527791
2003-02-27,Weekday,951569,599144,1550713
2003-02-28,Weekday,1011530,597504,1609034
2003-03-01,Saturday,610177,291264,901441
2003-03-02,Sunday/Holiday,347417,182200,529617
2003-03-03,Weekday,822165,535306,1357471
2003-03-04,Weekday,964967,606043,1571010
2003-03-05,Weekday,868551,583929,1452480
2003-03-06,Weekday,874641,573715,1448356
2003-03-07,Weekday,980484,584273,1564757
2003-03-08,Saturday,550093,274523,824616
2003-03-09,Sunday/Holiday,335884,177874,513758
2003-03-10,Weekday,916661,573635,1490296
2003-03-11,Weekday,971894,601034,1572928
2003-03-12,Weekday,981590,604333,1585923
2003-03-13,Weekday,978881,609896,1588777
2003-03-14,Weekday,1009566,615377,1624943
2003-03-15,Saturday,637081,381570,1018651
2003-03-16,Sunday/Holiday,429227,235438,664665
2003-03-17,Weekday,976703,597982,1574685
2003-03-18,Weekday,963349,596226,1559575
2003-03-19,Weekday,938499,586881,1525380
2003-03-20,Weekday,936654,594341,1530995
2003-03-21,Weekday,967479,588655,1556134
2003-03-22,Saturday,577660,292329,869989
2003-03-23,Sunday/Holiday,410745,215626,626371
2003-03-24,Weekday,962889,584149,1547038
2003-03-25,Weekday,973017,594589,1567606
2003-03-26,Weekday,968581,594924,1563505
2003-03-27,Weekday,969195,593676,1562871
2003-03-28,Weekday,815984,552242,1368226
2003-03-29,Saturday,555638,280361,835999
2003-03-30,Sunday/Holiday,372071,191109,563180
2003-03-31,Weekday,973924,577834,1551758
2003-04-01,Weekday,1028531,603564,1632095
2003-04-02,Weekday,1020829,602855,1623684
2003-04-03,Weekday,995062,592074,1587136
2003-04-04,Weekday,912458,572837,1485295
2003-04-05,Saturday,593273,293496,886769
2003-04-06,Sunday/Holiday,370275,188467,558742
2003-04-07,Weekday,873605,565391,1438996
2003-04-08,Weekday,947482,599769,1547251
2003-04-09,Weekday,986992,611985,1598977
2003-04-10,Weekday,1007977,624279,1632256
2003-04-11,Weekday,912918,600667,1513585
2003-04-12,Saturday,602670,321354,924024
2003-04-13,Sunday/Holiday,407540,219553,627093
2003-04-14,Weekday,904517,593473,1497990
2003-04-15,Weekday,894368,606461,1500829
2003-04-16,Weekday,836328,578259,1414587
2003-04-17,Weekday,815274,563613,1378887
2003-04-18,Weekday,769997,482196,1252193
2003-04-19,Saturday,562148,263464,825612
2003-04-20,Sunday/Holiday,368478,172399,540877
2003-04-21,Weekday,925231,572442,1497673
2003-04-22,Weekday,964240,617403,1581643
2003-04-23,Weekday,923474,613127,1536601
2003-04-24,Weekday,961316,620140,1581456
2003-04-25,Weekday,979369,595103,1574472
2003-04-26,Saturday,588057,300728,888785
2003-04-27,Sunday/Holiday,403462,210716,614178
2003-04-28,Weekday,962103,582145,1544248
2003-04-29,Weekday,958977,595629,1554606
2003-04-30,Weekday,828642,567596,1396238
2003-05-01,Weekday,971218,597161,1568379
2003-05-02,Weekday,1039212,616460,1655672
2003-05-03,Saturday,645503,335590,981093
2003-05-04,Sunday/Holiday,395799,214366,610165
2003-05-05,Weekday,1006467,608082,1614549
2003-05-06,Weekday,1007795,626276,1634071
2003-05-07,Weekday,977279,610370,1587649
2003-05-08,Weekday,984692,605164,1589856
2003-05-09,Weekday,992211,616706,1608917
2003-05-10,Saturday,577508,301857,879365
2003-05-11,Sunday/Holiday,322449,193398,515847
2003-05-12,Weekday,956974,580553,1537527
2003-05-13,Weekday,981698,602563,1584261
2003-05-14,Weekday,911890,583198,1495088
2003-05-15,Weekday,971525,598384,1569909
2003-05-16,Weekday,999630,589910,1589540
2003-05-17,Saturday,614484,304723,919207
2003-05-18,Sunday/Holiday,403043,207860,610903
2003-05-19,Weekday,961806,579665,1541471
2003-05-20,Weekday,966295,594508,1560803
2003-05-21,Weekday,992696,592768,1585464
2003-05-22,Weekday,967683,590893,1558576
2003-05-23,Weekday,969112,575372,1544484
2003-05-24,Saturday,591523,301068,892591
2003-05-25,Sunday/Holiday,408454,223466,631920
2003-05-26,Sunday/Holiday,380796,224023,604819
2003-05-27,Weekday,961009,597804,1558813
2003-05-28,Weekday,910537,586704,1497241
2003-05-29,Weekday,961715,595331,1557046
2003-05-30,Weekday,988281,613622,1601903
2003-05-31,Saturday,575015,318134,893149
2003-06-01,Sunday/Holiday,422827,245291,668118
2003-06-02,Weekday,978201,583126,1561327
2003-06-03,Weekday,992041,610279,1602320
2003-06-04,Weekday,997077,615414,1612491
2003-06-05,Weekday,991907,622481,1614388
2003-06-06,Weekday,962917,615632,1578549
2003-06-07,Saturday,634650,354198,988848
2003-06-08,Sunday/Holiday,380953,229228,610181
2003-06-09,Weekday,987516,590887,1578403
2003-06-10,Weekday,940459,596552,1537011
2003-06-11,Weekday,961149,607043,1568192
2003-06-12,Weekday,969572,604883,1574455
2003-06-13,Weekday,976147,592987,1569134
2003-06-14,Saturday,626911,320029,946940
2003-06-15,Sunday/Holiday,421515,221822,643337
2003-06-16,Weekday,955066,581387,1536453
2003-06-17,Weekday,965718,601420,1567138
2003-06-18,Weekday,897454,587986,1485440
2003-06-19,Weekday,946693,596124,1542817
2003-06-20,Weekday,938177,611219,1549396
2003-06-21,Saturday,610796,345895,956691
2003-06-22,Sunday/Holiday,423283,242077,665360
2003-06-23,Weekday,855955,568379,1424334
2003-06-24,Weekday,928442,620552,1548994
2003-06-25,Weekday,841205,603880,1445085
2003-06-26,Weekday,833307,600660,1433967
2003-06-27,Weekday,890776,661150,1551926
2003-06-28,Saturday,561500,350162,911662
2003-06-29,Sunday/Holiday,421380,329753,751133
2003-06-30,Weekday,884729,611874,1496603
2003-07-01,Weekday,957351,634210,1591561
2003-07-02,Weekday,936777,640212,1576989
2003-07-03,Weekday,983110,790702,1773812
2003-07-04,Sunday/Holiday,471591,347887,819478
2003-07-05,Saturday,549605,363309,912914
2003-07-06,Sunday/Holiday,389816,269228,659044
2003-07-07,Weekday,852771,569437,1422208
2003-07-08,Weekday,846175,579733,1425908
2003-07-09,Weekday,871942,598967,1470909
2003-07-10,Weekday,893195,614469,1507664
2003-07-11,Weekday,907669,615433,1523102
2003-07-12,Saturday,607118,339152,946270
2003-07-13,Sunday/Holiday,421579,257051,678630
2003-07-14,Weekday,905206,611190,1516396
2003-07-15,Weekday,874304,618204,1492508
2003-07-16,Weekday,915630,597927,1513557
2003-07-17,Weekday,861722,579675,1441397
2003-07-18,Weekday,902204,590356,1492560
2003-07-19,Saturday,619480,324535,944015
2003-07-20,Sunday/Holiday,403847,224010,627857
2003-07-21,Weekday,883219,578363,1461582
2003-07-22,Weekday,889426,590880,1480306
2003-07-23,Weekday,906650,622160,1528810
2003-07-24,Weekday,896387,622281,1518668
2003-07-25,Weekday,903368,591792,1495160
2003-07-26,Saturday,584819,312502,897321
2003-07-27,Sunday/Holiday,367151,222589,589740
2003-07-28,Weekday,849172,562933,1412105
2003-07-29,Weekday,903830,615414,1519244
2003-07-30,Weekday,880392,616406,1496798
2003-07-31,Weekday,889575,617395,1506970
2003-08-01,Weekday,912597,605206,1517803
2003-08-02,Saturday,678701,399990,1078691
2003-08-03,Sunday/Holiday,387659,244986,632645
2003-08-04,Weekday,920408,585024,1505432
2003-08-05,Weekday,918113,600556,1518669
2003-08-06,Weekday,883115,581895,1465010
2003-08-07,Weekday,923161,584026,1507187
2003-08-08,Weekday,903597,583831,1487428
2003-08-09,Saturday,638279,371415,1009694
2003-08-10,Sunday/Holiday,418764,244876,663640
2003-08-11,Weekday,806587,566910,1373497
2003-08-12,Weekday,864526,595230,1459756
2003-08-13,Weekday,875224,614427,1489651
2003-08-14,Weekday,857542,592601,1450143
2003-08-15,Weekday,873580,602111,1475691
2003-08-16,Saturday,627785,363117,990902
2003-08-17,Sunday/Holiday,462931,290507,753438
2003-08-18,Weekday,821919,559214,1381133
2003-08-19,Weekday,853603,577418,1431021
2003-08-20,Weekday,838351,567116,1405467
2003-08-21,Weekday,820578,562565,1383143
2003-08-22,Weekday,867524,576202,1443726
2003-08-23,Saturday,585510,313035,898545
2003-08-24,Sunday/Holiday,408305,227185,635490
2003-08-25,Weekday,850528,561134,1411662
2003-08-26,Weekday,836703,573211,1409914
2003-08-27,Weekday,862298,578962,1441260
2003-08-28,Weekday,857707,578781,1436488
2003-08-29,Weekday,902436,604839,1507275
2003-08-30,Saturday,622090,339474,961564
2003-08-31,Sunday/Holiday,396860,242605,639465
2003-09-01,Sunday/Holiday,326772,199296,526068
2003-09-02,Weekday,1025978,648864,1674842
2003-09-03,Weekday,1059974,650319,1710293
2003-09-04,Weekday,1040002,652383,1692385
2003-09-05,Weekday,1044868,634834,1679702
2003-09-06,Saturday,625347,334013,959360
2003-09-07,Sunday/Holiday,421385,222973,644358
2003-09-08,Weekday,1028540,623072,1651612
2003-09-09,Weekday,1030074,632686,1662760
2003-09-10,Weekday,1019275,645858,1665133
2003-09-11,Weekday,1018196,639732,1657928
2003-09-12,Weekday,1002297,650171,1652468
2003-09-13,Saturday,601330,350594,951924
2003-09-14,Sunday/Holiday,386248,235410,621658
2003-09-15,Weekday,1015639,653569,1669208
2003-09-16,Weekday,1033950,663607,1697557
2003-09-17,Weekday,1023215,663761,1686976
2003-09-18,Weekday,1023301,647465,1670766
2003-09-19,Weekday,1019769,642616,1662385
2003-09-20,Saturday,618523,338787,957310
2003-09-21,Sunday/Holiday,421320,231095,652415
2003-09-22,Weekday,992288,638244,1630532
2003-09-23,Weekday,1023379,655433,1678812
2003-09-24,Weekday,973736,643836,1617572
2003-09-25,Weekday,1006367,648354,1654721
2003-09-26,Weekday,939175,643987,1583162
2003-09-27,Saturday,591935,358390,950325
2003-09-28,Sunday/Holiday,377248,236781,614029
2003-09-29,Weekday,1001427,637350,1638777
2003-09-30,Weekday,1000725,637394,1638119
2003-10-01,Weekday,1051684,644239,1695923
2003-10-02,Weekday,1016259,641608,1657867
2003-10-03,Weekday,999345,667963,1667308
2003-10-04,Saturday,651128,383554,1034682
2003-10-05,Sunday/Holiday,428277,236860,665137
2003-10-06,Weekday,1018276,618461,1636737
2003-10-07,Weekday,1051869,699907,1751776
2003-10-08,Weekday,1026066,693316,1719382
2003-10-09,Weekday,1011003,650911,1661914
2003-10-10,Weekday,1031598,661985,1693583
2003-10-11,Saturday,628499,366667,995166
2003-10-12,Sunday/Holiday,411927,351185,763112
2003-10-13,Weekday,780132,547856,1327988
2003-10-14,Weekday,928265,691539,1619804
2003-10-15,Weekday,1026737,711785,1738522
2003-10-16,Weekday,1013203,650877,1664080
2003-10-17,Weekday,1023752,651230,1674982
2003-10-18,Saturday,633461,362376,995837
2003-10-19,Sunday/Holiday,422713,241241,663954
2003-10-20,Weekday,1077011,632330,1709341
2003-10-21,Weekday,958546,644683,1603229
2003-10-22,Weekday,1003925,640420,1644345
2003-10-23,Weekday,1008328,644198,1652526
2003-10-24,Weekday,1008879,639483,1648362
2003-10-25,Saturday,615584,332732,948316
2003-10-26,Sunday/Holiday,395925,231808,627733
2003-10-27,Weekday,990268,620687,1610955
2003-10-28,Weekday,978501,631318,1609819
2003-10-29,Weekday,986799,637933,1624732
2003-10-30,Weekday,1006074,652674,1658748
2003-10-31,Weekday,996142,628603,1624745
2003-11-01,Saturday,606945,309648,916593
2003-11-02,Sunday/Holiday,397515,215452,612967
2003-11-03,Weekday,1007989,614598,1622587
2003-11-04,Weekday,1003988,630296,1634284
2003-11-05,Weekday,1015157,639104,1654261
2003-11-06,Weekday,1015139,644961,1660100
2003-11-07,Weekday,906629,620991,1527620
2003-11-08,Saturday,566334,320811,887145
2003-11-09,Sunday/Holiday,383993,221796,605789
2003-11-10,Weekday,981163,606222,1587385
2003-11-11,Weekday,789039,542871,1331910
2003-11-12,Weekday,977852,627509,1605361
2003-11-13,Weekday,901163,616525,1517688
2003-11-14,Weekday,964479,632553,1597032
2003-11-15,Saturday,567411,334186,901597
2003-11-16,Sunday/Holiday,382584,222633,605217
2003-11-17,Weekday,996959,618428,1615387
2003-11-18,Weekday,881272,608253,1489525
2003-11-19,Weekday,1011052,632045,1643097
2003-11-20,Weekday,1006072,638332,1644404
2003-11-21,Weekday,1004115,626155,1630270
2003-11-22,Saturday,608476,361622,970098
2003-11-23,Sunday/Holiday,352918,202523,555441
2003-11-24,Weekday,897941,583860,1481801
2003-11-25,Weekday,945699,602970,1548669
2003-11-26,Weekday,930556,579257,1509813
2003-11-27,Sunday/Holiday,292469,153251,445720
2003-11-28,Weekday,557794,344266,902060
2003-11-29,Saturday,484077,265968,750045
2003-11-30,Sunday/Holiday,378933,217629,596562
2003-12-01,Weekday,998632,601364,1599996
2003-12-02,Weekday,984587,605675,1590262
2003-12-03,Weekday,1002993,613563,1616556
2003-12-04,Weekday,962556,610322,1572878
2003-12-05,Weekday,968576,606672,1575248
2003-12-06,Saturday,587823,326475,914298
2003-12-07,Sunday/Holiday,393784,214938,608722
2003-12-08,Weekday,975766,586022,1561788
2003-12-09,Weekday,959147,594395,1553542
2003-12-10,Weekday,945145,597600,1542745
2003-12-11,Weekday,936467,591327,1527794
2003-12-12,Weekday,912540,575833,1488373
2003-12-13,Saturday,544810,305519,850329
2003-12-14,Sunday/Holiday,369050,209939,578989
2003-12-15,Weekday,936119,568654,1504773
2003-12-16,Weekday,926650,576496,1503146
2003-12-17,Weekday,925481,573820,1499301
2003-12-18,Weekday,917919,567624,1485543
2003-12-19,Weekday,926113,555922,1482035
2003-12-20,Saturday,564850,289142,853992
2003-12-21,Sunday/Holiday,415703,218944,634647
2003-12-22,Weekday,797301,508014,1305315
2003-12-23,Weekday,770607,486462,1257069
2003-12-24,Weekday,610061,333655,943716
2003-12-25,Sunday/Holiday,247349,101016,348365
2003-12-26,Weekday,605667,321094,926761
2003-12-27,Saturday,507042,232980,740022
2003-12-28,Sunday/Holiday,358852,178624,537476
2003-12-29,Weekday,732494,461979,1194473
2003-12-30,Weekday,725126,474545,1199671
2003-12-31,Weekday,678329,430971,1109300
2004-01-01,Sunday/Holiday,300347,174003,474350
2004-01-02,Weekday,754051,421851,1175902
2004-01-03,Saturday,560436,250130,810566
2004-01-04,Sunday/Holiday,303611,162880,466491
2004-01-05,Weekday,894467,548650,1443117
2004-01-06,Weekday,788158,516396,1304554
2004-01-07,Weekday,851011,536299,1387310
2004-01-08,Weekday,903950,556891,1460841
2004-01-09,Weekday,929117,560519,1489636
2004-01-10,Saturday,526469,261687,788156
2004-01-11,Sunday/Holiday,368655,180035,548690
2004-01-12,Weekday,982070,588906,1570976
2004-01-13,Weekday,977382,596765,1574147
2004-01-14,Weekday,956180,591625,1547805
2004-01-15,Weekday,962171,590965,1553136
2004-01-16,Weekday,969715,578153,1547868
2004-01-17,Saturday,534831,278142,812973
2004-01-18,Sunday/Holiday,342002,178641,520643
2004-01-19,Weekday,557712,353859,911571
2004-01-20,Weekday,939415,572634,1512049
2004-01-21,Weekday,949321,576593,1525914
2004-01-22,Weekday,854150,542344,1396494
2004-01-23,Weekday,903734,550366,1454100
2004-01-24,Saturday,521800,263571,785371
2004-01-25,Sunday/Holiday,343967,176977,520944
2004-01-26,Weekday,925536,566031,1491567
2004-01-27,Weekday,906997,586852,1493849
2004-01-28,Weekday,887763,565269,1453032
2004-01-29,Weekday,855905,553448,1409353
2004-01-30,Weekday,756185,500887,1257072
2004-01-31,Saturday,531967,246213,778180
2004-02-01,Sunday/Holiday,355491,170793,526284
2004-02-02,Weekday,914997,566503,1481500
2004-02-03,Weekday,957823,591153,1548976
2004-02-04,Weekday,947079,581672,1528751
2004-02-05,Weekday,931453,586671,1518124
2004-02-06,Weekday,937566,572957,1510523
2004-02-07,Saturday,553301,281792,835093
2004-02-08,Sunday/Holiday,369314,185893,555207
2004-02-09,Weekday,948814,578071,1526885
2004-02-10,Weekday,948181,593014,1541195
2004-02-11,Weekday,959174,594399,1553573
2004-02-12,Weekday,796644,537211,1333855
2004-02-13,Weekday,958969,580969,1539938
2004-02-14,Saturday,610834,301728,912562
2004-02-15,Sunday/Holiday,368733,191759,560492
2004-02-16,Weekday,684054,441539,1125593
2004-02-17,Weekday,966524,596810,1563334
2004-02-18,Weekday,957521,593575,1551096
2004-02-19,Weekday,971162,601442,1572604
2004-02-20,Weekday,933678,580459,1514137
2004-02-21,Saturday,585429,288901,874330
2004-02-22,Sunday/Holiday,402374,187329,589703
2004-02-23,Weekday,954873,577436,1532309
2004-02-24,Weekday,957453,588493,1545946
2004-02-25,Weekday,967236,596639,1563875
2004-02-26,Weekday,973201,598172,1571373
2004-02-27,Weekday,980935,589768,1570703
2004-02-28,Saturday,607923,310337,918260
2004-02-29,Sunday/Holiday,413029,208258,621287
2004-03-01,Weekday,828169,534603,1362772
2004-03-02,Weekday,992418,597880,1590298
2004-03-03,Weekday,1007360,594376,1601736
2004-03-04,Weekday,936797,584225,1521022
2004-03-05,Weekday,939138,575845,1514983
2004-03-06,Saturday,602180,296173,898353
2004-03-07,Sunday/Holiday,370231,186924,557155
2004-03-08,Weekday,969634,585973,1555607
2004-03-09,Weekday,965244,597735,1562979
2004-03-10,Weekday,973415,601851,1575266
2004-03-11,Weekday,927076,589420,1516496
2004-03-12,Weekday,942238,580254,1522492
2004-03-13,Saturday,587662,342986,930648
2004-03-14,Sunday/Holiday,376244,200734,576978
2004-03-15,Weekday,953320,580038,1533358
2004-03-16,Weekday,942197,582515,1524712
2004-03-17,Weekday,932468,589641,1522109
2004-03-18,Weekday,934303,588303,1522606
2004-03-19,Weekday,988154,593249,1581403
2004-03-20,Saturday,607378,311130,918508
2004-03-21,Sunday/Holiday,365502,189403,554905
2004-03-22,Weekday,941254,559786,1501040
2004-03-23,Weekday,966919,579228,1546147
2004-03-24,Weekday,917804,565878,1483682
2004-03-25,Weekday,948790,577094,1525884
2004-03-26,Weekday,858131,557755,1415886
2004-03-27,Saturday,585553,300842,886395
2004-03-28,Sunday/Holiday,377339,215088,592427
2004-03-29,Weekday,949103,573929,1523032
2004-03-30,Weekday,949847,579487,1529334
2004-03-31,Weekday,943445,579344,1522789
2004-04-01,Weekday,1000741,592854,1593595
2004-04-02,Weekday,1012716,589043,1601759
2004-04-03,Saturday,633629,304787,938416
2004-04-04,Sunday/Holiday,407772,198468,606240
2004-04-05,Weekday,971292,571811,1543103
2004-04-06,Weekday,977036,585618,1562654
2004-04-07,Weekday,975244,592042,1567286
2004-04-08,Weekday,967733,588420,1556153
2004-04-09,Weekday,799356,490037,1289393
2004-04-10,Saturday,568003,263036,831039
2004-04-11,Sunday/Holiday,372246,162703,534949
2004-04-12,Weekday,809673,560649,1370322
2004-04-13,Weekday,831527,571813,1403340
2004-04-14,Weekday,859829,593419,1453248
2004-04-15,Weekday,864352,601171,1465523
2004-04-16,Weekday,861336,600132,1461468
2004-04-17,Saturday,596237,331377,927614
2004-04-18,Sunday/Holiday,423705,227626,651331
2004-04-19,Weekday,951686,592025,1543711
2004-04-20,Weekday,934712,592319,1527031
2004-04-21,Weekday,943108,597005,1540113
2004-04-22,Weekday,904333,597088,1501421
2004-04-23,Weekday,977752,615945,1593697
2004-04-24,Saturday,570050,314947,884997
2004-04-25,Sunday/Holiday,373444,218019,591463
2004-04-26,Weekday,962323,576288,1538611
2004-04-27,Weekday,985057,588215,1573272
2004-04-28,Weekday,914358,585375,1499733
2004-04-29,Weekday,909979,580209,1490188
2004-04-30,Weekday,988876,579995,1568871
2004-05-01,Saturday,577088,282452,859540
2004-05-02,Sunday/Holiday,417360,203143,620503
2004-05-03,Weekday,1028235,580844,1609079
2004-05-04,Weekday,1025965,615968,1641933
2004-05-05,Weekday,1019276,622837,1642113
2004-05-06,Weekday,994277,614497,1608774
2004-05-07,Weekday,960594,591026,1551620
2004-05-08,Saturday,628268,316493,944761
2004-05-09,Sunday/Holiday,441379,221375,662754
2004-05-10,Weekday,939473,558691,1498164
2004-05-11,Weekday,965692,583729,1549421
2004-05-12,Weekday,944663,576643,1521306
2004-05-13,Weekday,929271,579703,1508974
2004-05-14,Weekday,899684,566238,1465922
2004-05-15,Saturday,615125,308012,923137
2004-05-16,Sunday/Holiday,418466,214886,633352
2004-05-17,Weekday,961334,567520,1528854
2004-05-18,Weekday,957288,600273,1557561
2004-05-19,Weekday,1010917,613954,1624871
2004-05-20,Weekday,971148,604798,1575946
2004-05-21,Weekday,945657,592577,1538234
2004-05-22,Saturday,571606,316714,888320
2004-05-23,Sunday/Holiday,398101,224372,622473
2004-05-24,Weekday,964387,572310,1536697
2004-05-25,Weekday,967725,586827,1554552
2004-05-26,Weekday,970166,583785,1553951
2004-05-27,Weekday,960973,583639,1544612
2004-05-28,Weekday,978308,574148,1552456
2004-05-29,Saturday,556778,288249,845027
2004-05-30,Sunday/Holiday,327264,185353,512617
2004-05-31,Sunday/Holiday,352611,210076,562687
2004-06-01,Weekday,988657,604744,1593401
2004-06-02,Weekday,995228,605193,1600421
2004-06-03,Weekday,1037077,597741,1634818
2004-06-04,Weekday,1031015,619850,1650865
2004-06-05,Saturday,664804,350348,1015152
2004-06-06,Sunday/Holiday,433813,247799,681612
2004-06-07,Weekday,975883,602548,1578431
2004-06-08,Weekday,985865,627174,1613039
2004-06-09,Weekday,967899,616418,1584317
2004-06-10,Weekday,927625,614363,1541988
2004-06-11,Weekday,951407,584390,1535797
2004-06-12,Saturday,626396,347638,974034
2004-06-13,Sunday/Holiday,418700,237263,655963
2004-06-14,Weekday,947940,569479,1517419
2004-06-15,Weekday,973303,591145,1564448
2004-06-16,Weekday,948614,584517,1533131
2004-06-17,Weekday,938259,585309,1523568
2004-06-18,Weekday,945720,600582,1546302
2004-06-19,Saturday,621841,336481,958322
2004-06-20,Sunday/Holiday,431055,231581,662636
2004-06-21,Weekday,783458,540333,1323791
2004-06-22,Weekday,959598,597441,1557039
2004-06-23,Weekday,858709,578302,1437011
2004-06-24,Weekday,828438,571439,1399877
2004-06-25,Weekday,894184,629449,1523633
2004-06-26,Saturday,611676,374748,986424
2004-06-27,Sunday/Holiday,430542,324978,755520
2004-06-28,Weekday,853024,572918,1425942
2004-06-29,Weekday,911992,643017,1555009
2004-06-30,Weekday,906761,639979,1546740
2004-07-01,Weekday,953538,646062,1599600
2004-07-02,Weekday,937281,647738,1585019
2004-07-03,Saturday,587961,418005,1005966
2004-07-04,Sunday/Holiday,446583,324563,771146
2004-07-05,Sunday/Holiday,420521,229820,650341
2004-07-06,Weekday,877429,556428,1433857
2004-07-07,Weekday,885461,568101,1453562
2004-07-08,Weekday,909149,580508,1489657
2004-07-09,Weekday,869159,560395,1429554
2004-07-10,Saturday,593638,305695,899333
2004-07-11,Sunday/Holiday,418827,228013,646840
2004-07-12,Weekday,883883,564588,1448471
2004-07-13,Weekday,923012,571480,1494492
2004-07-14,Weekday,906552,581198,1487750
2004-07-15,Weekday,912348,615708,1528056
2004-07-16,Weekday,898626,610788,1509414
2004-07-17,Saturday,622104,365413,987517
2004-07-18,Sunday/Holiday,440154,271230,711384
2004-07-19,Weekday,898918,593573,1492491
2004-07-20,Weekday,896643,606660,1503303
2004-07-21,Weekday,857917,590615,1448532
2004-07-22,Weekday,858154,598156,1456310
2004-07-23,Weekday,912722,590514,1503236
2004-07-24,Saturday,586037,319483,905520
2004-07-25,Sunday/Holiday,425968,250189,676157
2004-07-26,Weekday,852027,565461,1417488
2004-07-27,Weekday,885055,590244,1475299
2004-07-28,Weekday,883672,581804,1465476
2004-07-29,Weekday,881356,574372,1455728
2004-07-30,Weekday,918563,599378,1517941
2004-07-31,Saturday,646791,376947,1023738
2004-08-01,Sunday/Holiday,455048,251600,706648
2004-08-02,Weekday,882460,544308,1426768
2004-08-03,Weekday,933741,570440,1504181
2004-08-04,Weekday,867932,556467,1424399
2004-08-05,Weekday,918039,572708,1490747
2004-08-06,Weekday,918834,576089,1494923
2004-08-07,Saturday,608291,319929,928220
2004-08-08,Sunday/Holiday,432272,235899,668171
2004-08-09,Weekday,866609,543743,1410352
2004-08-10,Weekday,859980,584756,1444736
2004-08-11,Weekday,848020,581158,1429178
2004-08-12,Weekday,836018,586637,1422655
2004-08-13,Weekday,887566,591673,1479239
2004-08-14,Saturday,659976,359470,1019446
2004-08-15,Sunday/Holiday,428984,239400,668384
2004-08-16,Weekday,836413,531860,1368273
2004-08-17,Weekday,847772,547281,1395053
2004-08-18,Weekday,845492,550495,1395987
2004-08-19,Weekday,861625,560944,1422569
2004-08-20,Weekday,868398,568661,1437059
2004-08-21,Saturday,660686,360597,1021283
2004-08-22,Sunday/Holiday,475738,271487,747225
2004-08-23,Weekday,857805,566252,1424057
2004-08-24,Weekday,819217,567497,1386714
2004-08-25,Weekday,831352,570388,1401740
2004-08-26,Weekday,860869,586981,1447850
2004-08-27,Weekday,878628,605790,1484418
2004-08-28,Saturday,548649,297684,846333
2004-08-29,Sunday/Holiday,407683,243215,650898
2004-08-30,Weekday,884633,567769,1452402
2004-08-31,Weekday,899858,586695,1486553
2004-09-01,Weekday,973679,597386,1571065
2004-09-02,Weekday,953427,599495,1552922
2004-09-03,Weekday,975876,588503,1564379
2004-09-04,Saturday,653547,326695,980242
2004-09-05,Sunday/Holiday,465576,257995,723571
2004-09-06,Sunday/Holiday,409232,232087,641319
2004-09-07,Weekday,1050387,626352,1676739
2004-09-08,Weekday,1050697,637961,1688658
2004-09-09,Weekday,1045824,628271,1674095
2004-09-10,Weekday,1053387,651710,1705097
2004-09-11,Saturday,637407,355835,993242
2004-09-12,Sunday/Holiday,448166,258509,706675
2004-09-13,Weekday,1042442,636868,1679310
2004-09-14,Weekday,1046788,648153,1694941
2004-09-15,Weekday,1024350,640279,1664629
2004-09-16,Weekday,1029871,621221,1651092
2004-09-17,Weekday,1047045,625246,1672291
2004-09-18,Saturday,636532,340756,977288
2004-09-19,Sunday/Holiday,434873,237754,672627
2004-09-20,Weekday,1037831,618982,1656813
2004-09-21,Weekday,1050001,632360,1682361
2004-09-22,Weekday,1032930,629320,1662250
2004-09-23,Weekday,1044192,639139,1683331
2004-09-24,Weekday,1036019,622291,1658310
2004-09-25,Saturday,627583,322940,950523
2004-09-26,Sunday/Holiday,424978,226180,651158
2004-09-27,Weekday,1027685,636750,1664435
2004-09-28,Weekday,1032855,651704,1684559
2004-09-29,Weekday,1026441,651246,1677687
2004-09-30,Weekday,1028258,652621,1680879
2004-10-01,Weekday,1093423,654384,1747807
2004-10-02,Saturday,682534,363581,1046115
2004-10-03,Sunday/Holiday,450247,252513,702760
2004-10-04,Weekday,1069102,626058,1695160
2004-10-05,Weekday,1061080,632144,1693224
2004-10-06,Weekday,1049585,633595,1683180
2004-10-07,Weekday,1065448,640106,1705554
2004-10-08,Weekday,993752,633554,1627306
2004-10-09,Saturday,657042,363116,1020158
2004-10-10,Sunday/Holiday,421756,350585,772341
2004-10-11,Weekday,798129,533211,1331340
2004-10-12,Weekday,1049798,636093,1685891
2004-10-13,Weekday,1041758,633630,1675388
2004-10-14,Weekday,1039134,634855,1673989
2004-10-15,Weekday,1030816,634543,1665359
2004-10-16,Saturday,626844,326448,953292
2004-10-17,Sunday/Holiday,444240,243898,688138
2004-10-18,Weekday,996730,609460,1606190
2004-10-19,Weekday,1021166,624056,1645222
2004-10-20,Weekday,1023397,623762,1647159
2004-10-21,Weekday,1052476,637181,1689657
2004-10-22,Weekday,1042359,629243,1671602
2004-10-23,Saturday,596052,313794,909846
2004-10-24,Sunday/Holiday,436838,227357,664195
2004-10-25,Weekday,1026913,612489,1639402
2004-10-26,Weekday,1022142,621378,1643520
2004-10-27,Weekday,1034962,628723,1663685
2004-10-28,Weekday,1033261,629827,1663088
2004-10-29,Weekday,1025574,630736,1656310
2004-10-30,Saturday,594150,318073,912223
2004-10-31,Sunday/Holiday,429612,230321,659933
2004-11-01,Weekday,953969,587503,1541472
2004-11-02,Weekday,913103,577460,1490563
2004-11-03,Weekday,1075369,625991,1701360
2004-11-04,Weekday,1018608,623937,1642545
2004-11-05,Weekday,1062739,630151,1692890
2004-11-06,Saturday,647460,331394,978854
2004-11-07,Sunday/Holiday,427407,222194,649601
2004-11-08,Weekday,1033733,615996,1649729
2004-11-09,Weekday,1035702,629375,1665077
2004-11-10,Weekday,1042750,635694,1678444
2004-11-11,Weekday,812757,549029,1361786
2004-11-12,Weekday,924772,606762,1531534
2004-11-13,Saturday,625173,331920,957093
2004-11-14,Sunday/Holiday,413442,221405,634847
2004-11-15,Weekday,1006969,611786,1618755
2004-11-16,Weekday,1025607,623801,1649408
2004-11-17,Weekday,1018184,620535,1638719
2004-11-18,Weekday,951154,610552,1561706
2004-11-19,Weekday,1021327,622698,1644025
2004-11-20,Saturday,627629,371415,999044
2004-11-21,Sunday/Holiday,427753,229287,657040
2004-11-22,Weekday,1018065,606086,1624151
2004-11-23,Weekday,1019132,616805,1635937
2004-11-24,Weekday,835824,550778,1386602
2004-11-25,Sunday/Holiday,287787,147567,435354
2004-11-26,Weekday,591445,345213,936658
2004-11-27,Saturday,472803,246053,718856
2004-11-28,Sunday/Holiday,384795,206685,591480
2004-11-29,Weekday,962243,588392,1550635
2004-11-30,Weekday,970374,600955,1571329
2004-12-01,Weekday,1032681,614286,1646967
2004-12-02,Weekday,1018483,613061,1631544
2004-12-03,Weekday,1060084,615342,1675426
2004-12-04,Saturday,638045,335317,973362
2004-12-05,Sunday/Holiday,425127,231858,656985
2004-12-06,Weekday,1000415,587577,1587992
2004-12-07,Weekday,948268,587165,1535433
2004-12-08,Weekday,1017145,605103,1622248
2004-12-09,Weekday,1006857,607436,1614293
2004-12-10,Weekday,1010307,598887,1609194
2004-12-11,Saturday,602774,318757,921531
2004-12-12,Sunday/Holiday,388481,205786,594267
2004-12-13,Weekday,922941,562847,1485788
2004-12-14,Weekday,934042,574048,1508090
2004-12-15,Weekday,974391,584961,1559352
2004-12-16,Weekday,969829,585749,1555578
2004-12-17,Weekday,978842,572764,1551606
2004-12-18,Saturday,587269,302065,889334
2004-12-19,Sunday/Holiday,320403,181261,501664
2004-12-20,Weekday,726487,488937,1215424
2004-12-21,Weekday,783801,508747,1292548
2004-12-22,Weekday,725010,473787,1198797
2004-12-23,Weekday,670666,408740,1079406
2004-12-24,Weekday,425489,191941,617430
2004-12-25,Sunday/Holiday,213912,87992,301904
2004-12-26,Sunday/Holiday,327069,152351,479420
2004-12-27,Weekday,650769,386604,1037373
2004-12-28,Weekday,698229,438802,1137031
2004-12-29,Weekday,726475,456993,1183468
2004-12-30,Weekday,738698,457796,1196494
2004-12-31,Weekday,633996,364015,998011
2005-01-01,Sunday/Holiday,334140,196267,530407
2005-01-02,Sunday/Holiday,373512,183672,557184
2005-01-03,Weekday,894571,512620,1407191
2005-01-04,Weekday,972798,559563,1532361
2005-01-05,Weekday,851226,558698,1409924
2005-01-06,Weekday,862750,554283,1417033
2005-01-07,Weekday,915274,554769,1470043
2005-01-08,Saturday,533884,261042,794926
2005-01-09,Sunday/Holiday,358628,177968,536596
2005-01-10,Weekday,979955,584456,1564411
2005-01-11,Weekday,954938,590368,1545306
2005-01-12,Weekday,972407,589359,1561766
2005-01-13,Weekday,931709,582596,1514305
2005-01-14,Weekday,894841,552090,1446931
2005-01-15,Saturday,481878,249401,731279
2005-01-16,Sunday/Holiday,314149,169880,484029
2005-01-17,Weekday,539410,349284,888694
2005-01-18,Weekday,907849,569801,1477650
2005-01-19,Weekday,947581,583108,1530689
2005-01-20,Weekday,936302,590558,1526860
2005-01-21,Weekday,968823,591645,1560468
2005-01-22,Saturday,422190,263129,685319
2005-01-23,Sunday/Holiday,345136,188044,533180
2005-01-24,Weekday,957377,580140,1537517
2005-01-25,Weekday,995268,592253,1587521
2005-01-26,Weekday,947433,581016,1528449
2005-01-27,Weekday,955413,587048,1542461
2005-01-28,Weekday,857968,554367,1412335
2005-01-29,Saturday,559310,277291,836601
2005-01-30,Sunday/Holiday,387197,187644,574841
2005-01-31,Weekday,992251,583230,1575481
2005-02-01,Weekday,1050914,598684,1649598
2005-02-02,Weekday,1046742,599354,1646096
2005-02-03,Weekday,1061904,607326,1669230
2005-02-04,Weekday,1062971,595511,1658482
2005-02-05,Saturday,670035,312338,982373
2005-02-06,Sunday/Holiday,413456,196102,609558
2005-02-07,Weekday,987016,578699,1565715
2005-02-08,Weekday,1005698,593343,1599041
2005-02-09,Weekday,989259,595976,1585235
2005-02-10,Weekday,1012514,596286,1608800
2005-02-11,Weekday,999975,566136,1566111
2005-02-12,Saturday,665453,316216,981669
2005-02-13,Sunday/Holiday,384592,194152,578744
2005-02-14,Weekday,1015673,596928,1612601
2005-02-15,Weekday,980220,590777,1570997
2005-02-16,Weekday,1002714,602439,1605153
2005-02-17,Weekday,981996,593476,1575472
2005-02-18,Weekday,983784,582874,1566658
2005-02-19,Saturday,619586,308419,928005
2005-02-20,Sunday/Holiday,365108,192834,557942
2005-02-21,Weekday,723673,445742,1169415
2005-02-22,Weekday,1002989,600405,1603394
2005-02-23,Weekday,996383,601647,1598030
2005-02-24,Weekday,982207,599568,1581775
2005-02-25,Weekday,1002592,590287,1592879
2005-02-26,Saturday,603707,304026,907733
2005-02-27,Sunday/Holiday,386996,200694,587690
2005-02-28,Weekday,943655,578722,1522377
2005-03-01,Weekday,1012943,591771,1604714
2005-03-02,Weekday,984054,587875,1571929
2005-03-03,Weekday,1030040,600570,1630610
2005-03-04,Weekday,1027003,589864,1616867
2005-03-05,Saturday,625252,303912,929164
2005-03-06,Sunday/Holiday,451472,218330,669802
2005-03-07,Weekday,814934,533210,1348144
2005-03-08,Weekday,1009879,597987,1607866
2005-03-09,Weekday,996362,598004,1594366
2005-03-10,Weekday,941999,585359,1527358
2005-03-11,Weekday,994830,587513,1582343
2005-03-12,Saturday,581761,317998,899759
2005-03-13,Sunday/Holiday,393195,205254,598449
2005-03-14,Weekday,980033,583024,1563057
2005-03-15,Weekday,1017371,606409,1623780
2005-03-16,Weekday,1011281,607649,1618930
2005-03-17,Weekday,989736,605564,1595300
2005-03-18,Weekday,1017219,593449,1610668
2005-03-19,Saturday,610862,312814,923676
2005-03-20,Sunday/Holiday,416015,208726,624741
2005-03-21,Weekday,849240,544264,1393504
2005-03-22,Weekday,861916,553996,1415912
2005-03-23,Weekday,837601,544825,1382426
2005-03-24,Weekday,848267,544242,1392509
2005-03-25,Weekday,717162,456076,1173238
2005-03-26,Saturday,550378,266697,817075
2005-03-27,Sunday/Holiday,392111,172199,564310
2005-03-28,Weekday,968792,568013,1536805
2005-03-29,Weekday,1001423,598783,1600206
2005-03-30,Weekday,942056,580582,1522638
2005-03-31,Weekday,966045,589937,1555982
2005-04-01,Weekday,1050962,600913,1651875
2005-04-02,Saturday,663367,322162,985529
2005-04-03,Sunday/Holiday,440189,229712,669901
2005-04-04,Weekday,1035659,608092,1643751
2005-04-05,Weekday,1048343,612259,1660602
2005-04-06,Weekday,1005400,610876,1616276
2005-04-07,Weekday,1001832,612048,1613880
2005-04-08,Weekday,1034023,642939,1676962
2005-04-09,Saturday,645280,347387,992667
2005-04-10,Sunday/Holiday,439237,244746,683983
2005-04-11,Weekday,1013684,615683,1629367
2005-04-12,Weekday,938160,597721,1535881
2005-04-13,Weekday,1016213,630756,1646969
2005-04-14,Weekday,1026667,616143,1642810
2005-04-15,Weekday,953214,602625,1555839
2005-04-16,Saturday,637641,331817,969458
2005-04-17,Sunday/Holiday,428663,225292,653955
2005-04-18,Weekday,1015285,609637,1624922
2005-04-19,Weekday,1011163,622316,1633479
2005-04-20,Weekday,963837,600039,1563876
2005-04-21,Weekday,954629,601125,1555754
2005-04-22,Weekday,926157,588764,1514921
2005-04-23,Saturday,541013,297122,838135
2005-04-24,Sunday/Holiday,401026,221195,622221
2005-04-25,Weekday,1003896,610619,1614515
2005-04-26,Weekday,1002029,620181,1622210
2005-04-27,Weekday,932943,620361,1553304
2005-04-28,Weekday,945137,604452,1549589
2005-04-29,Weekday,1036716,608264,1644980
2005-04-30,Saturday,635054,315323,950377
2005-05-01,Sunday/Holiday,406509,215144,621653
2005-05-02,Weekday,1000310,585188,1585498
2005-05-03,Weekday,1045152,610739,1655891
2005-05-04,Weekday,1036608,612365,1648973
2005-05-05,Weekday,1044204,621992,1666196
2005-05-06,Weekday,1027299,626005,1653304
2005-05-07,Saturday,613000,341551,954551
2005-05-08,Sunday/Holiday,441575,242829,684404
2005-05-09,Weekday,960649,593537,1554186
2005-05-10,Weekday,1033686,634549,1668235
2005-05-11,Weekday,908042,592526,1500568
2005-05-12,Weekday,976440,605243,1581683
2005-05-13,Weekday,980674,597196,1577870
2005-05-14,Saturday,615871,324491,940362
2005-05-15,Sunday/Holiday,400447,218269,618716
2005-05-16,Weekday,1005555,598942,1604497
2005-05-17,Weekday,1013627,607296,1620923
2005-05-18,Weekday,1003414,604841,1608255
2005-05-19,Weekday,951340,593341,1544681
2005-05-20,Weekday,1028933,625628,1654561
2005-05-21,Saturday,647441,353375,1000816
2005-05-22,Sunday/Holiday,436056,249081,685137
2005-05-23,Weekday,997640,612963,1610603
2005-05-24,Weekday,1017021,636017,1653038
2005-05-25,Weekday,1002504,628633,1631137
2005-05-26,Weekday,995429,632007,1627436
2005-05-27,Weekday,987014,616101,1603115
2005-05-28,Saturday,583683,356717,940400
2005-05-29,Sunday/Holiday,415969,261440,677409
2005-05-30,Sunday/Holiday,403677,232100,635777
2005-05-31,Weekday,968847,591522,1560369
2005-06-01,Weekday,1041992,613034,1655026
2005-06-02,Weekday,1015376,603865,1619241
2005-06-03,Weekday,1049697,616170,1665867
2005-06-04,Saturday,621165,322782,943947
2005-06-05,Sunday/Holiday,448366,236960,685326
2005-06-06,Weekday,1012097,619504,1631601
2005-06-07,Weekday,1003186,628716,1631902
2005-06-08,Weekday,984240,632453,1616693
2005-06-09,Weekday,1000130,622726,1622856
2005-06-10,Weekday,997687,654887,1652574
2005-06-11,Saturday,647313,413642,1060955
2005-06-12,Sunday/Holiday,446785,287623,734408
2005-06-13,Weekday,973038,628857,1601895
2005-06-14,Weekday,955995,635882,1591877
2005-06-15,Weekday,941737,637318,1579055
2005-06-16,Weekday,931626,603660,1535286
2005-06-17,Weekday,998232,611676,1609908
2005-06-18,Saturday,636265,346258,982523
2005-06-19,Sunday/Holiday,459729,243775,703504
2005-06-20,Weekday,880325,591715,1472040
2005-06-21,Weekday,889907,606210,1496117
2005-06-22,Weekday,890705,607690,1498395
2005-06-23,Weekday,888587,593403,1481990
2005-06-24,Weekday,869672,643554,1513226
2005-06-25,Saturday,629963,398677,1028640
2005-06-26,Sunday/Holiday,456191,354882,811073
2005-06-27,Weekday,867853,591716,1459569
2005-06-28,Weekday,870601,632227,1502828
2005-06-29,Weekday,871256,638601,1509857
2005-06-30,Weekday,878941,646980,1525921
2005-07-01,Weekday,945326,662564,1607890
2005-07-02,Saturday,686826,463297,1150123
2005-07-03,Sunday/Holiday,559176,517599,1076775
2005-07-04,Sunday/Holiday,422316,278678,700994
2005-07-05,Weekday,913873,569757,1483630
2005-07-06,Weekday,926125,590642,1516767
2005-07-07,Weekday,929359,578396,1507755
2005-07-08,Weekday,950222,591325,1541547
2005-07-09,Saturday,623556,331017,954573
2005-07-10,Sunday/Holiday,444647,239684,684331
2005-07-11,Weekday,913284,573004,1486288
2005-07-12,Weekday,909026,585394,1494420
2005-07-13,Weekday,923039,596373,1519412
2005-07-14,Weekday,936684,634107,1570791
2005-07-15,Weekday,937018,631418,1568436
2005-07-16,Saturday,640959,397796,1038755
2005-07-17,Sunday/Holiday,443824,270831,714655
2005-07-18,Weekday,902531,582649,1485180
2005-07-19,Weekday,937251,608460,1545711
2005-07-20,Weekday,888241,597676,1485917
2005-07-21,Weekday,920983,610460,1531443
2005-07-22,Weekday,945311,614666,1559977
2005-07-23,Saturday,604287,361618,965905
2005-07-24,Sunday/Holiday,393689,255844,649533
2005-07-25,Weekday,850441,580681,1431122
2005-07-26,Weekday,876111,588210,1464321
2005-07-27,Weekday,931658,626793,1558451
2005-07-28,Weekday,923931,626164,1550095
2005-07-29,Weekday,928563,618229,1546792
2005-07-30,Saturday,637235,388729,1025964
2005-07-31,Sunday/Holiday,446615,261208,707823
2005-08-01,Weekday,954299,574337,1528636
2005-08-02,Weekday,939108,600448,1539556
2005-08-03,Weekday,950814,598977,1549791
2005-08-04,Weekday,941632,597051,1538683
2005-08-05,Weekday,965152,603948,1569100
2005-08-06,Saturday,648849,357240,1006089
2005-08-07,Sunday/Holiday,457639,261349,718988
2005-08-08,Weekday,910549,590758,1501307
2005-08-09,Weekday,917522,606419,1523941
2005-08-10,Weekday,913900,605306,1519206
2005-08-11,Weekday,859482,588881,1448363
2005-08-12,Weekday,929636,606537,1536173
2005-08-13,Saturday,608908,350010,958918
2005-08-14,Sunday/Holiday,437664,248325,685989
2005-08-15,Weekday,892308,574348,1466656
2005-08-16,Weekday,904327,589228,1493555
2005-08-17,Weekday,909306,590352,1499658
2005-08-18,Weekday,855225,561329,1416554
2005-08-19,Weekday,934667,602164,1536831
2005-08-20,Saturday,659629,361304,1020933
2005-08-21,Sunday/Holiday,511141,292892,804033
2005-08-22,Weekday,897988,597005,1494993
2005-08-23,Weekday,907676,616739,1524415
2005-08-24,Weekday,909467,616129,1525596
2005-08-25,Weekday,907614,590749,1498363
2005-08-26,Weekday,916046,625532,1541578
2005-08-27,Saturday,632625,364516,997141
2005-08-28,Sunday/Holiday,445633,273101,718734
2005-08-29,Weekday,921906,612444,1534350
2005-08-30,Weekday,931235,625509,1556744
2005-08-31,Weekday,928354,631355,1559709
2005-09-01,Weekday,1019495,643731,1663226
2005-09-02,Weekday,1015964,632104,1648068
2005-09-03,Saturday,699122,377507,1076629
2005-09-04,Sunday/Holiday,504460,323512,827972
2005-09-05,Sunday/Holiday,469528,274053,743581
2005-09-06,Weekday,1094714,647343,1742057
2005-09-07,Weekday,1090847,664041,1754888
2005-09-08,Weekday,1090390,671553,1761943
2005-09-09,Weekday,1092990,672572,1765562
2005-09-10,Saturday,662248,379906,1042154
2005-09-11,Sunday/Holiday,460444,257201,717645
2005-09-12,Weekday,1088861,674800,1763661
2005-09-13,Weekday,1081012,691104,1772116
2005-09-14,Weekday,1072662,687668,1760330
2005-09-15,Weekday,1070331,702096,1772427
2005-09-16,Weekday,1061189,689685,1750874
2005-09-17,Saturday,677602,404143,1081745
2005-09-18,Sunday/Holiday,473997,292920,766917
2005-09-19,Weekday,1033841,657717,1691558
2005-09-20,Weekday,1091052,685957,1777009
2005-09-21,Weekday,1085278,685975,1771253
2005-09-22,Weekday,1045853,672603,1718456
2005-09-23,Weekday,1068977,699466,1768443
2005-09-24,Saturday,632952,390116,1023068
2005-09-25,Sunday/Holiday,428577,277519,706096
2005-09-26,Weekday,1050587,651165,1701752
2005-09-27,Weekday,1091710,686977,1778687
2005-09-28,Weekday,1019140,668450,1687590
2005-09-29,Weekday,1065350,668926,1734276
2005-09-30,Weekday,1114521,673776,1788297
2005-10-01,Saturday,708008,373322,1081330
2005-10-02,Sunday/Holiday,451633,245477,697110
2005-10-03,Weekday,1137817,638813,1776630
2005-10-04,Weekday,1099740,677721,1777461
2005-10-05,Weekday,1099507,689759,1789266
2005-10-06,Weekday,1084528,679966,1764494
2005-10-07,Weekday,1037669,663271,1700940
2005-10-08,Saturday,638239,378215,1016454
2005-10-09,Sunday/Holiday,427142,372438,799580
2005-10-10,Weekday,811357,562228,1373585
2005-10-11,Weekday,1076154,687202,1763356
2005-10-12,Weekday,1053577,685743,1739320
2005-10-13,Weekday,1068998,665605,1734603
2005-10-14,Weekday,1091226,683174,1774400
2005-10-15,Saturday,670497,376816,1047313
2005-10-16,Sunday/Holiday,456332,268898,725230
2005-10-17,Weekday,1046900,653518,1700418
2005-10-18,Weekday,1071110,669214,1740324
2005-10-19,Weekday,1056343,666799,1723142
2005-10-20,Weekday,1057585,676430,1734015
2005-10-21,Weekday,1064058,674291,1738349
2005-10-22,Saturday,624399,385602,1010001
2005-10-23,Sunday/Holiday,421490,277349,698839
2005-10-24,Weekday,995935,637292,1633227
2005-10-25,Weekday,1034930,653259,1688189
2005-10-26,Weekday,1041390,662049,1703439
2005-10-27,Weekday,1039411,669962,1709373
2005-10-28,Weekday,1050188,734562,1784750
2005-10-29,Saturday,646559,378146,1024705
2005-10-30,Sunday/Holiday,436487,251042,687529
2005-10-31,Weekday,1000931,636744,1637675
2005-11-01,Weekday,1104565,668971,1773536
2005-11-02,Weekday,1077276,667966,1745242
2005-11-03,Weekday,1108680,678842,1787522
2005-11-04,Weekday,994280,653744,1648024
2005-11-05,Saturday,624689,351850,976539
2005-11-06,Sunday/Holiday,425669,239193,664862
2005-11-07,Weekday,1060057,648893,1708950
2005-11-08,Weekday,998603,642398,1641001
2005-11-09,Weekday,1034556,655614,1690170
2005-11-10,Weekday,1049433,672627,1722060
2005-11-11,Weekday,862413,587641,1450054
2005-11-12,Saturday,626889,351085,977974
2005-11-13,Sunday/Holiday,416141,247977,664118
2005-11-14,Weekday,1021597,637498,1659095
2005-11-15,Weekday,1001890,644740,1646630
2005-11-16,Weekday,960835,625642,1586477
2005-11-17,Weekday,982303,636292,1618595
2005-11-18,Weekday,997001,635900,1632901
2005-11-19,Saturday,643136,395851,1038987
2005-11-20,Sunday/Holiday,424683,243191,667874
2005-11-21,Weekday,1023750,627654,1651404
2005-11-22,Weekday,1012669,637432,1650101
2005-11-23,Weekday,946475,594581,1541056
2005-11-24,Sunday/Holiday,265869,149351,415220
2005-11-25,Weekday,542621,335201,877822
2005-11-26,Saturday,520348,290786,811134
2005-11-27,Sunday/Holiday,378931,214449,593380
2005-11-28,Weekday,964783,610273,1575056
2005-11-29,Weekday,964736,621228,1585964
2005-11-30,Weekday,975689,623427,1599116
2005-12-01,Weekday,1002814,637299,1640113
2005-12-02,Weekday,1012143,626729,1638872
2005-12-03,Saturday,602909,343944,946853
2005-12-04,Sunday/Holiday,394671,232929,627600
2005-12-05,Weekday,959432,591559,1550991
2005-12-06,Weekday,943778,595172,1538950
2005-12-07,Weekday,922076,591500,1513576
2005-12-08,Weekday,900776,651313,1552089
2005-12-09,Weekday,922330,630309,1552639
2005-12-10,Saturday,545442,331523,876965
2005-12-11,Sunday/Holiday,384544,223869,608413
2005-12-12,Weekday,974895,603601,1578496
2005-12-13,Weekday,984740,612377,1597117
2005-12-14,Weekday,959741,629222,1588963
2005-12-15,Weekday,972435,621555,1593990
2005-12-16,Weekday,952574,605734,1558308
2005-12-17,Saturday,576780,326028,902808
2005-12-18,Sunday/Holiday,371336,222374,593710
2005-12-19,Weekday,860779,535968,1396747
2005-12-20,Weekday,894974,534766,1429740
2005-12-21,Weekday,918067,553734,1471801
2005-12-22,Weekday,912016,544544,1456560
2005-12-23,Weekday,878003,479373,1357376
2005-12-24,Saturday,481238,198644,679882
2005-12-25,Sunday/Holiday,263158,105718,368876
2005-12-26,Sunday/Holiday,437677,224784,662461
2005-12-27,Weekday,735303,457726,1193029
2005-12-28,Weekday,711850,462580,1174430
2005-12-29,Weekday,738031,481238,1219269
2005-12-30,Weekday,762706,471541,1234247
2005-12-31,Saturday,526241,307444,833685
2006-01-01,Sunday/Holiday,287126,203291,490417
2006-01-02,Sunday/Holiday,360273,215920,576193
2006-01-03,Weekday,772171,540341,1312512
2006-01-04,Weekday,759600,543243,1302843
2006-01-05,Weekday,766560,550285,1316845
2006-01-06,Weekday,788239,551707,1339946
2006-01-07,Saturday,518237,280538,798775
2006-01-08,Sunday/Holiday,367927,199691,567618
2006-01-09,Weekday,917702,588402,1506104
2006-01-10,Weekday,938390,600336,1538726
2006-01-11,Weekday,927898,602096,1529994
2006-01-12,Weekday,955926,616251,1572177
2006-01-13,Weekday,887164,585207,1472371
2006-01-14,Saturday,558211,309983,868194
2006-01-15,Sunday/Holiday,381225,223499,604724
2006-01-16,Weekday,605772,399562,1005334
2006-01-17,Weekday,948555,619527,1568082
2006-01-18,Weekday,954238,621428,1575666
2006-01-19,Weekday,983087,634043,1617130
2006-01-20,Weekday,944694,615420,1560114
2006-01-21,Saturday,542740,308378,851118
2006-01-22,Sunday/Holiday,371481,208257,579738
2006-01-23,Weekday,976988,626292,1603280
2006-01-24,Weekday,972893,634204,1607097
2006-01-25,Weekday,980770,634664,1615434
2006-01-26,Weekday,988382,643068,1631450
2006-01-27,Weekday,889516,608327,1497843
2006-01-28,Saturday,568287,314425,882712
2006-01-29,Sunday/Holiday,380026,223196,603222
2006-01-30,Weekday,966708,614814,1581522
2006-01-31,Weekday,995530,634459,1629989
2006-02-01,Weekday,1035412,641676,1677088
2006-02-02,Weekday,1025866,642353,1668219
2006-02-03,Weekday,1020411,627330,1647741
2006-02-04,Saturday,587568,317239,904807
2006-02-05,Sunday/Holiday,390808,211645,602453
2006-02-06,Weekday,986048,612106,1598154
2006-02-07,Weekday,1008328,631742,1640070
2006-02-08,Weekday,977974,629155,1607129
2006-02-09,Weekday,984574,635409,1619983
2006-02-10,Weekday,1003608,623814,1627422
2006-02-11,Saturday,601208,327796,929004
2006-02-12,Sunday/Holiday,405657,221409,627066
2006-02-13,Weekday,799595,546148,1345743
2006-02-14,Weekday,1044587,644218,1688805
2006-02-15,Weekday,988045,626072,1614117
2006-02-16,Weekday,930188,613347,1543535
2006-02-17,Weekday,942685,604038,1546723
2006-02-18,Saturday,450578,265649,716227
2006-02-19,Sunday/Holiday,334766,196957,531723
2006-02-20,Weekday,681948,453199,1135147
2006-02-21,Weekday,993188,623860,1617048
2006-02-22,Weekday,999636,629122,1628758
2006-02-23,Weekday,991146,635013,1626159
2006-02-24,Weekday,987623,615401,1603024
2006-02-25,Saturday,580618,314037,894655
2006-02-26,Sunday/Holiday,386242,211388,597630
2006-02-27,Weekday,959193,603047,1562240
2006-02-28,Weekday,987195,623237,1610432
2006-03-01,Weekday,1020267,627527,1647794
2006-03-02,Weekday,986927,620235,1607162
2006-03-03,Weekday,1021045,620890,1641935
2006-03-04,Saturday,609288,322365,931653
2006-03-05,Sunday/Holiday,363219,208605,571824
2006-03-06,Weekday,794246,550369,1344615
2006-03-07,Weekday,1006095,626557,1632652
2006-03-08,Weekday,982979,623290,1606269
2006-03-09,Weekday,979823,627081,1606904
2006-03-10,Weekday,1015665,721158,1736823
2006-03-11,Saturday,614019,386305,1000324
2006-03-12,Sunday/Holiday,400822,233603,634425
2006-03-13,Weekday,968366,609970,1578336
2006-03-14,Weekday,1000900,629929,1630829
2006-03-15,Weekday,1005800,632700,1638500
2006-03-16,Weekday,953483,630443,1583926
2006-03-17,Weekday,989694,633801,1623495
2006-03-18,Saturday,603484,347527,951011
2006-03-19,Sunday/Holiday,413687,225740,639427
2006-03-20,Weekday,963013,587104,1550117
2006-03-21,Weekday,943649,585590,1529239
2006-03-22,Weekday,982523,605646,1588169
2006-03-23,Weekday,979617,609325,1588942
2006-03-24,Weekday,978424,597943,1576367
2006-03-25,Saturday,620929,322685,943614
2006-03-26,Sunday/Holiday,433649,234862,668511
2006-03-27,Weekday,962206,601488,1563694
2006-03-28,Weekday,981183,619650,1600833
2006-03-29,Weekday,987756,636692,1624448
2006-03-30,Weekday,996804,600724,1597528
2006-03-31,Weekday,1028124,641079,1669203
2006-04-01,Saturday,620450,348344,968794
2006-04-02,Sunday/Holiday,391830,254413,646243
2006-04-03,Weekday,985177,616386,1601563
2006-04-04,Weekday,1042810,660381,1703191
2006-04-05,Weekday,1020222,654034,1674256
2006-04-06,Weekday,998368,635705,1634073
2006-04-07,Weekday,880902,634777,1515679
2006-04-08,Saturday,607382,360442,967824
2006-04-09,Sunday/Holiday,426567,258613,685180
2006-04-10,Weekday,880692,601070,1481762
2006-04-11,Weekday,885029,628374,1513403
2006-04-12,Weekday,877362,627736,1505098
2006-04-13,Weekday,871878,634065,1505943
2006-04-14,Weekday,804781,551524,1356305
2006-04-15,Saturday,592251,323845,916096
2006-04-16,Sunday/Holiday,324770,181980,506750
2006-04-17,Weekday,964793,623255,1588048
2006-04-18,Weekday,1000958,646316,1647274
2006-04-19,Weekday,984239,652275,1636514
2006-04-20,Weekday,938226,641954,1580180
2006-04-21,Weekday,999808,659127,1658935
2006-04-22,Saturday,607395,357315,964710
2006-04-23,Sunday/Holiday,415959,248173,664132
2006-04-24,Weekday,998455,642816,1641271
2006-04-25,Weekday,953034,636129,1589163
2006-04-26,Weekday,952603,649967,1602570
2006-04-27,Weekday,955057,644011,1599068
2006-04-28,Weekday,1008989,666532,1675521
2006-04-29,Saturday,574038,343244,917282
2006-04-30,Sunday/Holiday,345287,224122,569409
2006-05-01,Weekday,997873,738966,1736839
2006-05-02,Weekday,1045233,664946,1710179
2006-05-03,Weekday,1060500,663686,1724186
2006-05-04,Weekday,1047587,665514,1713101
2006-05-05,Weekday,1023957,651798,1675755
2006-05-06,Saturday,637405,368890,1006295
2006-05-07,Sunday/Holiday,438858,258592,697450
2006-05-08,Weekday,1010412,624197,1634609
2006-05-09,Weekday,1004081,650430,1654511
2006-05-10,Weekday,1007923,648361,1656284
2006-05-11,Weekday,926462,621331,1547793
2006-05-12,Weekday,958553,639308,1597861
2006-05-13,Saturday,587533,340904,928437
2006-05-14,Sunday/Holiday,411861,249652,661513
2006-05-15,Weekday,961857,601838,1563695
2006-05-16,Weekday,994913,648507,1643420
2006-05-17,Weekday,964565,640270,1604835
2006-05-18,Weekday,987234,653070,1640304
2006-05-19,Weekday,994011,651428,1645439
2006-05-20,Saturday,619536,365397,984933
2006-05-21,Sunday/Holiday,423940,258770,682710
2006-05-22,Weekday,996607,629775,1626382
2006-05-23,Weekday,1013298,647643,1660941
2006-05-24,Weekday,951852,631510,1583362
2006-05-25,Weekday,978387,639540,1617927
2006-05-26,Weekday,988688,657379,1646067
2006-05-27,Saturday,646979,358425,1005404
2006-05-28,Sunday/Holiday,461625,282850,744475
2006-05-29,Sunday/Holiday,381213,245203,626416
2006-05-30,Weekday,945888,632333,1578221
2006-05-31,Weekday,968145,646966,1615111
2006-06-01,Weekday,1028046,638192,1666238
2006-06-02,Weekday,1031966,647618,1679584
2006-06-03,Saturday,668592,371768,1040360
2006-06-04,Sunday/Holiday,457674,274564,732238
2006-06-05,Weekday,1005516,625171,1630687
2006-06-06,Weekday,1008096,653049,1661145
2006-06-07,Weekday,1012230,666040,1678270
2006-06-08,Weekday,1011430,675651,1687081
2006-06-09,Weekday,988332,652258,1640590
2006-06-10,Saturday,573542,349687,923229
2006-06-11,Sunday/Holiday,424510,267884,692394
2006-06-12,Weekday,960901,623525,1584426
2006-06-13,Weekday,961923,664539,1626462
2006-06-14,Weekday,941928,665279,1607207
2006-06-15,Weekday,907237,659507,1566744
2006-06-16,Weekday,966314,667762,1634076
2006-06-17,Saturday,616266,384541,1000807
2006-06-18,Sunday/Holiday,412366,259888,672254
2006-06-19,Weekday,880777,608854,1489631
2006-06-20,Weekday,889908,636659,1526567
2006-06-21,Weekday,859537,629433,1488970
2006-06-22,Weekday,872019,633021,1505040
2006-06-23,Weekday,905242,639365,1544607
2006-06-24,Saturday,607951,371810,979761
2006-06-25,Sunday/Holiday,407079,302719,709798
2006-06-26,Weekday,852939,626802,1479741
2006-06-27,Weekday,886147,642922,1529069
2006-06-28,Weekday,886828,649479,1536307
2006-06-29,Weekday,899339,667597,1566936
2006-06-30,Weekday,950077,716112,1666189
2006-07-01,Saturday,631294,429319,1060613
2006-07-02,Sunday/Holiday,440041,343944,783985
2006-07-03,Weekday,802169,684040,1486209
2006-07-04,Sunday/Holiday,450356,350242,800598
2006-07-05,Weekday,901332,661426,1562758
2006-07-06,Weekday,925381,678340,1603721
2006-07-07,Weekday,928760,702727,1631487
2006-07-08,Saturday,625575,423300,1048875
2006-07-09,Sunday/Holiday,443095,313512,756607
2006-07-10,Weekday,900356,618702,1519058
2006-07-11,Weekday,873419,605343,1478762
2006-07-12,Weekday,926286,615196,1541482
2006-07-13,Weekday,922492,644488,1566980
2006-07-14,Weekday,889540,669868,1559408
2006-07-15,Saturday,603018,412144,1015162
2006-07-16,Sunday/Holiday,418278,308173,726451
2006-07-17,Weekday,886469,626986,1513455
2006-07-18,Weekday,927651,675064,1602715
2006-07-19,Weekday,911699,687896,1599595
2006-07-20,Weekday,827202,644150,1471352
2006-07-21,Weekday,931578,676491,1608069
2006-07-22,Saturday,625346,408434,1033780
2006-07-23,Sunday/Holiday,446438,284632,731070
2006-07-24,Weekday,906725,633184,1539909
2006-07-25,Weekday,919219,650364,1569583
2006-07-26,Weekday,897731,641296,1539027
2006-07-27,Weekday,894993,663387,1558380
2006-07-28,Weekday,900144,673789,1573933
2006-07-29,Saturday,593188,423092,1016280
2006-07-30,Sunday/Holiday,416361,290935,707296
2006-07-31,Weekday,831261,608739,1440000
2006-08-01,Weekday,894297,619717,1514014
2006-08-02,Weekday,872246,628299,1500545
2006-08-03,Weekday,911057,656020,1567077
2006-08-04,Weekday,951984,722072,1674056
2006-08-05,Saturday,645372,472159,1117531
2006-08-06,Sunday/Holiday,451477,357797,809274
2006-08-07,Weekday,905263,633078,1538341
2006-08-08,Weekday,916905,646778,1563683
2006-08-09,Weekday,909623,641076,1550699
2006-08-10,Weekday,856682,614321,1471003
2006-08-11,Weekday,909305,638056,1547361
2006-08-12,Saturday,652458,391862,1044320
2006-08-13,Sunday/Holiday,433792,268208,702000
2006-08-14,Weekday,857738,595551,1453289
2006-08-15,Weekday,888214,618372,1506586
2006-08-16,Weekday,878842,620892,1499734
2006-08-17,Weekday,874196,628756,1502952
2006-08-18,Weekday,869355,638938,1508293
2006-08-19,Saturday,612065,384987,997052
2006-08-20,Sunday/Holiday,481484,321400,802884
2006-08-21,Weekday,878842,613716,1492558
2006-08-22,Weekday,896666,628952,1525618
2006-08-23,Weekday,891561,632682,1524243
2006-08-24,Weekday,831663,617548,1449211
2006-08-25,Weekday,895640,645738,1541378
2006-08-26,Saturday,592637,361355,953992
2006-08-27,Sunday/Holiday,417115,276143,693258
2006-08-28,Weekday,792601,587722,1380323
2006-08-29,Weekday,891705,638128,1529833
2006-08-30,Weekday,913445,650359,1563804
2006-08-31,Weekday,917102,654437,1571539
2006-09-01,Weekday,977274,663472,1640746
2006-09-02,Saturday,668504,405986,1074490
2006-09-03,Sunday/Holiday,488706,320575,809281
2006-09-04,Sunday/Holiday,404856,256882,661738
2006-09-05,Weekday,1056228,680476,1736704
2006-09-06,Weekday,1069326,706958,1776284
2006-09-07,Weekday,1043601,726551,1770152
2006-09-08,Weekday,985806,708845,1694651
2006-09-09,Saturday,609019,386190,995209
2006-09-10,Sunday/Holiday,379770,245048,624818
2006-09-11,Weekday,981275,656692,1637967
2006-09-12,Weekday,1030796,694780,1725576
2006-09-13,Weekday,992146,694220,1686366
2006-09-14,Weekday,1054398,719561,1773959
2006-09-15,Weekday,1060398,729995,1790393
2006-09-16,Saturday,651694,421692,1073386
2006-09-17,Sunday/Holiday,433989,294159,728148
2006-09-18,Weekday,1037929,688531,1726460
2006-09-19,Weekday,1041255,690760,1732015
2006-09-20,Weekday,1053131,700536,1753667
2006-09-21,Weekday,1044501,696162,1740663
2006-09-22,Weekday,993335,668669,1662004
2006-09-23,Saturday,584517,349931,934448
2006-09-24,Sunday/Holiday,420423,259500,679923
2006-09-25,Weekday,1041474,666046,1707520
2006-09-26,Weekday,1054882,695484,1750366
2006-09-27,Weekday,1035426,690413,1725839
2006-09-28,Weekday,1043356,676811,1720167
2006-09-29,Weekday,1058057,699340,1757397
2006-09-30,Saturday,636906,394280,1031186
2006-10-01,Sunday/Holiday,462755,296236,758991
2006-10-02,Weekday,981933,635901,1617834
2006-10-03,Weekday,1064774,681381,1746155
2006-10-04,Weekday,1026517,675804,1702321
2006-10-05,Weekday,1060282,698851,1759133
2006-10-06,Weekday,1055911,691122,1747033
2006-10-07,Saturday,641240,373957,1015197
2006-10-08,Sunday/Holiday,452460,283787,736247
2006-10-09,Weekday,806458,572361,1378819
2006-10-10,Weekday,1055021,684475,1739496
2006-10-11,Weekday,1022625,684138,1706763
2006-10-12,Weekday,998899,676609,1675508
2006-10-13,Weekday,1014747,680633,1695380
2006-10-14,Saturday,622249,386404,1008653
2006-10-15,Sunday/Holiday,420083,260059,680142
2006-10-16,Weekday,1011001,668480,1679481
2006-10-17,Weekday,1029815,683799,1713614
2006-10-18,Weekday,1035671,687285,1722956
2006-10-19,Weekday,1035827,689629,1725456
2006-10-20,Weekday,1031742,705991,1737733
2006-10-21,Saturday,631254,403698,1034952
2006-10-22,Sunday/Holiday,389726,375938,765664
2006-10-23,Weekday,1018534,659505,1678039
2006-10-24,Weekday,1043962,675059,1719021
2006-10-25,Weekday,1057646,663754,1721400
2006-10-26,Weekday,994421,659139,1653560
2006-10-27,Weekday,1007282,663912,1671194
2006-10-28,Saturday,622775,364159,986934
2006-10-29,Sunday/Holiday,434824,265624,700448
2006-10-30,Weekday,1033777,660257,1694034
2006-10-31,Weekday,997495,663340,1660835
2006-11-01,Weekday,1053237,673789,1727026
2006-11-02,Weekday,1012046,671054,1683100
2006-11-03,Weekday,959706,654291,1613997
2006-11-04,Saturday,609584,356326,965910
2006-11-05,Sunday/Holiday,435747,266756,702503
2006-11-06,Weekday,1026257,653935,1680192
2006-11-07,Weekday,1033037,651606,1684643
2006-11-08,Weekday,1046870,674951,1721821
2006-11-09,Weekday,1001116,668263,1669379
2006-11-10,Weekday,935843,610547,1546390
2006-11-11,Saturday,591773,376391,968164
2006-11-12,Sunday/Holiday,417471,251876,669347
2006-11-13,Weekday,1007564,643008,1650572
2006-11-14,Weekday,1047208,669094,1716302
2006-11-15,Weekday,1039976,661667,1701643
2006-11-16,Weekday,998140,658701,1656841
2006-11-17,Weekday,1018763,664438,1683201
2006-11-18,Saturday,620464,403175,1023639
2006-11-19,Sunday/Holiday,417408,242830,660238
2006-11-20,Weekday,1022880,638117,1660997
2006-11-21,Weekday,1022970,651230,1674200
2006-11-22,Weekday,980561,616974,1597535
2006-11-23,Sunday/Holiday,318233,182131,500364
2006-11-24,Weekday,628700,393228,1021928
2006-11-25,Saturday,549875,317650,867525
2006-11-26,Sunday/Holiday,400592,234961,635553
2006-11-27,Weekday,1012191,628799,1640990
2006-11-28,Weekday,1030255,648239,1678494
2006-11-29,Weekday,976231,634505,1610736
2006-11-30,Weekday,985569,649626,1635195
2006-12-01,Weekday,912314,629776,1542090
2006-12-02,Saturday,595637,338009,933646
2006-12-03,Sunday/Holiday,375419,224761,600180
2006-12-04,Weekday,962864,605349,1568213
2006-12-05,Weekday,992857,620241,1613098
2006-12-06,Weekday,1015490,629687,1645177
2006-12-07,Weekday,921792,603900,1525692
2006-12-08,Weekday,952445,626294,1578739
2006-12-09,Saturday,590225,344215,934440
2006-12-10,Sunday/Holiday,406068,237226,643294
2006-12-11,Weekday,995926,609360,1605286
2006-12-12,Weekday,991473,612992,1604465
2006-12-13,Weekday,1020619,640224,1660843
2006-12-14,Weekday,1007667,626704,1634371
2006-12-15,Weekday,1002739,632077,1634816
2006-12-16,Saturday,632218,356756,988974
2006-12-17,Sunday/Holiday,432910,251802,684712
2006-12-18,Weekday,990534,591895,1582429
2006-12-19,Weekday,1019785,596338,1616123
2006-12-20,Weekday,975226,586048,1561274
2006-12-21,Weekday,924778,564199,1488977
2006-12-22,Weekday,906201,529373,1435574
2006-12-23,Saturday,578507,277455,855962
2006-12-24,Sunday/Holiday,391926,175847,567773
2006-12-25,Sunday/Holiday,242369,112855,355224
2006-12-26,Weekday,652808,377449,1030257
2006-12-27,Weekday,732919,460703,1193622
2006-12-28,Weekday,758151,487441,1245592
2006-12-29,Weekday,816636,499735,1316371
2006-12-30,Saturday,589298,310684,899982
2006-12-31,Sunday/Holiday,412048,293362,705410
2007-01-01,Sunday/Holiday,326042,219953,545995
2007-01-02,Weekday,772549,452097,1224646
2007-01-03,Weekday,871683,561287,1432970
2007-01-04,Weekday,814984,548904,1363888
2007-01-05,Weekday,862748,569322,1432070
2007-01-06,Saturday,580851,305019,885870
2007-01-07,Sunday/Holiday,384626,208188,592814
2007-01-08,Weekday,976783,594028,1570811
2007-01-09,Weekday,978577,598746,1577323
2007-01-10,Weekday,968643,599118,1567761
2007-01-11,Weekday,967218,602194,1569412
2007-01-12,Weekday,973391,603456,1576847
2007-01-13,Saturday,562827,308047,870874
2007-01-14,Sunday/Holiday,368736,217983,586719
2007-01-15,Weekday,604564,389675,994239
2007-01-16,Weekday,978082,620145,1598227
2007-01-17,Weekday,977527,618895,1596422
2007-01-18,Weekday,982237,620579,1602816
2007-01-19,Weekday,978490,617473,1595963
2007-01-20,Saturday,576490,316657,893147
2007-01-21,Sunday/Holiday,364130,214796,578926
2007-01-22,Weekday,1002003,616824,1618827
2007-01-23,Weekday,1011645,629993,1641638
2007-01-24,Weekday,1006911,629208,1636119
2007-01-25,Weekday,988347,630002,1618349
2007-01-26,Weekday,901880,600561,1502441
2007-01-27,Saturday,578477,314380,892857
2007-01-28,Sunday/Holiday,345116,199255,544371
2007-01-29,Weekday,945286,594742,1540028
2007-01-30,Weekday,952201,604145,1556346
2007-01-31,Weekday,943384,598814,1542198
2007-02-01,Weekday,1007882,616420,1624302
2007-02-02,Weekday,958446,584607,1543053
2007-02-03,Saturday,454188,247767,701955
2007-02-04,Sunday/Holiday,266510,162712,429222
2007-02-05,Weekday,761572,500675,1262247
2007-02-06,Weekday,850354,564981,1415335
2007-02-07,Weekday,933093,593113,1526206
2007-02-08,Weekday,948308,591797,1540105
2007-02-09,Weekday,944364,582089,1526453
2007-02-10,Saturday,546086,292046,838132
2007-02-11,Sunday/Holiday,369026,201895,570921
2007-02-12,Weekday,793846,530211,1324057
2007-02-13,Weekday,805441,607127,1412568
2007-02-14,Weekday,884567,596676,1481243
2007-02-15,Weekday,933588,604415,1538003
2007-02-16,Weekday,928048,589591,1517639
2007-02-17,Saturday,562470,306944,869414
2007-02-18,Sunday/Holiday,394698,226617,621315
2007-02-19,Weekday,736322,466950,1203272
2007-02-20,Weekday,1030943,626057,1657000
2007-02-21,Weekday,1036604,631249,1667853
2007-02-22,Weekday,1018598,631479,1650077
2007-02-23,Weekday,999849,617663,1617512
2007-02-24,Saturday,544391,302947,847338
2007-02-25,Sunday/Holiday,331808,195652,527460
2007-02-26,Weekday,953661,597444,1551105
2007-02-27,Weekday,998059,610100,1608159
2007-02-28,Weekday,997324,617882,1615206
2007-03-01,Weekday,991173,616136,1607309
2007-03-02,Weekday,961731,596551,1558282
2007-03-03,Saturday,582869,304060,886929
2007-03-04,Sunday/Holiday,400292,214735,615027
2007-03-05,Weekday,861145,558483,1419628
2007-03-06,Weekday,1004928,611416,1616344
2007-03-07,Weekday,1000287,611040,1611327
2007-03-08,Weekday,1019684,625383,1645067
2007-03-09,Weekday,1021269,616768,1638037
2007-03-10,Saturday,645222,343183,988405
2007-03-11,Sunday/Holiday,435861,237257,673118
2007-03-12,Weekday,1009154,613447,1622601
2007-03-13,Weekday,1053169,648460,1701629
2007-03-14,Weekday,1010219,631196,1641415
2007-03-15,Weekday,1011742,635295,1647037
2007-03-16,Weekday,1019835,638871,1658706
2007-03-17,Saturday,622487,432315,1054802
2007-03-18,Sunday/Holiday,420366,236110,656476
2007-03-19,Weekday,1007874,607303,1615177
2007-03-20,Weekday,1031451,620644,1652095
2007-03-21,Weekday,970928,596843,1567771
2007-03-22,Weekday,1025487,620409,1645896
2007-03-23,Weekday,997803,601679,1599482
2007-03-24,Saturday,619377,326859,946236
2007-03-25,Sunday/Holiday,442112,267216,709328
2007-03-26,Weekday,1011806,604279,1616085
2007-03-27,Weekday,1010067,606509,1616576
2007-03-28,Weekday,981180,608639,1589819
2007-03-29,Weekday,1014456,626073,1640529
2007-03-30,Weekday,1037493,621496,1658989
2007-03-31,Saturday,608037,323073,931110
2007-04-01,Sunday/Holiday,425595,222200,647795
2007-04-02,Weekday,936869,574727,1511596
2007-04-03,Weekday,932688,564461,1497149
2007-04-04,Weekday,874823,565985,1440808
2007-04-05,Weekday,892666,577450,1470116
2007-04-06,Weekday,822387,508529,1330916
2007-04-07,Saturday,547926,279962,827888
2007-04-08,Sunday/Holiday,374365,189557,563922
2007-04-09,Weekday,1002171,601020,1603191
2007-04-10,Weekday,1048978,629888,1678866
2007-04-11,Weekday,921761,585857,1507618
2007-04-12,Weekday,1015749,617734,1633483
2007-04-13,Weekday,946466,621763,1568229
2007-04-14,Saturday,619468,349162,968630
2007-04-15,Sunday/Holiday,447385,250988,698373
2007-04-16,Weekday,1057373,622244,1679617
2007-04-17,Weekday,1058244,631795,1690039
2007-04-18,Weekday,1030970,617779,1648749
2007-04-19,Weekday,987896,617546,1605442
2007-04-20,Weekday,1049980,647296,1697276
2007-04-21,Saturday,672236,371504,1043740
2007-04-22,Sunday/Holiday,474187,271708,745895
2007-04-23,Weekday,1021947,617017,1638964
2007-04-24,Weekday,1054294,631249,1685543
2007-04-25,Weekday,927830,604311,1532141
2007-04-26,Weekday,954930,604957,1559887
2007-04-27,Weekday,1017433,617985,1635418
2007-04-28,Saturday,657645,320088,977733
2007-04-29,Sunday/Holiday,467869,237595,705464
2007-04-30,Weekday,1030435,599953,1630388
2007-05-01,Weekday,1096741,680365,1777106
2007-05-02,Weekday,1067338,617675,1685013
2007-05-03,Weekday,1102282,631926,1734208
2007-05-04,Weekday,1081903,642564,1724467
2007-05-05,Saturday,664729,360852,1025581
2007-05-06,Sunday/Holiday,470694,266988,737682
2007-05-07,Weekday,1059535,610376,1669911
2007-05-08,Weekday,1079400,648555,1727955
2007-05-09,Weekday,1061512,645132,1706644
2007-05-10,Weekday,1065947,654856,1720803
2007-05-11,Weekday,1050841,668098,1718939
2007-05-12,Saturday,660001,329029,989030
2007-05-13,Sunday/Holiday,446076,224489,670565
2007-05-14,Weekday,1017451,586905,1604356
2007-05-15,Weekday,999166,604844,1604010
2007-05-16,Weekday,1028004,625297,1653301
2007-05-17,Weekday,1043033,627116,1670149
2007-05-18,Weekday,1044582,643462,1688044
2007-05-19,Saturday,684079,343947,1028026
2007-05-20,Sunday/Holiday,422463,233007,655470
2007-05-21,Weekday,1039954,614276,1654230
2007-05-22,Weekday,1044661,627087,1671748
2007-05-23,Weekday,1028065,623366,1651431
2007-05-24,Weekday,1009067,617536,1626603
2007-05-25,Weekday,995233,611019,1606252
2007-05-26,Saturday,556682,307727,864409
2007-05-27,Sunday/Holiday,451833,270636,722469
2007-05-28,Sunday/Holiday,415256,254935,670191
2007-05-29,Weekday,1024735,622662,1647397
2007-05-30,Weekday,1055384,637763,1693147
2007-05-31,Weekday,997007,612977,1609984
2007-06-01,Weekday,1079848,654251,1734099
2007-06-02,Saturday,680844,367035,1047879
2007-06-03,Sunday/Holiday,461358,263646,725004
2007-06-04,Weekday,988557,611310,1599867
2007-06-05,Weekday,1067413,643474,1710887
2007-06-06,Weekday,1047624,641107,1688731
2007-06-07,Weekday,1041490,656169,1697659
2007-06-08,Weekday,1025937,653397,1679334
2007-06-09,Saturday,661835,402393,1064228
2007-06-10,Sunday/Holiday,466294,291979,758273
2007-06-11,Weekday,1000007,645161,1645168
2007-06-12,Weekday,1015390,660899,1676289
2007-06-13,Weekday,955467,654913,1610380
2007-06-14,Weekday,944081,653008,1597089
2007-06-15,Weekday,1018966,670995,1689961
2007-06-16,Saturday,633038,363871,996909
2007-06-17,Sunday/Holiday,464411,257682,722093
2007-06-18,Weekday,898272,590320,1488592
2007-06-19,Weekday,954392,618913,1573305
2007-06-20,Weekday,952574,625805,1578379
2007-06-21,Weekday,941671,626907,1568578
2007-06-22,Weekday,915690,623048,1538738
2007-06-23,Saturday,576598,336644,913242
2007-06-24,Sunday/Holiday,451145,346881,798026
2007-06-25,Weekday,922491,619299,1541790
2007-06-26,Weekday,887917,623390,1511307
2007-06-27,Weekday,905210,627568,1532778
2007-06-28,Weekday,927302,620611,1547913
2007-06-29,Weekday,968906,708650,1677556
2007-06-30,Saturday,680629,447188,1127817
2007-07-01,Sunday/Holiday,495101,354648,849749
2007-07-02,Weekday,955129,644079,1599208
2007-07-03,Weekday,1048504,848262,1896766
2007-07-04,Sunday/Holiday,486961,349716,836677
2007-07-05,Weekday,933153,655871,1589024
2007-07-06,Weekday,956208,696508,1652716
2007-07-07,Saturday,640418,398525,1038943
2007-07-08,Sunday/Holiday,443791,287948,731739
2007-07-09,Weekday,896820,587889,1484709
2007-07-10,Weekday,939774,610001,1549775
2007-07-11,Weekday,973860,629790,1603650
2007-07-12,Weekday,962640,631002,1593642
2007-07-13,Weekday,956346,676306,1632652
2007-07-14,Saturday,687968,383132,1071100
2007-07-15,Sunday/Holiday,489228,289728,778956
2007-07-16,Weekday,939642,627282,1566924
2007-07-17,Weekday,945057,637429,1582486
2007-07-18,Weekday,939708,654848,1594556
2007-07-19,Weekday,935717,648112,1583829
2007-07-20,Weekday,959207,655992,1615199
2007-07-21,Saturday,685445,366356,1051801
2007-07-22,Sunday/Holiday,480317,266827,747144
2007-07-23,Weekday,937452,613805,1551257
2007-07-24,Weekday,935763,624166,1559929
2007-07-25,Weekday,939278,626658,1565936
2007-07-26,Weekday,919288,624338,1543626
2007-07-27,Weekday,923332,625772,1549104
2007-07-28,Saturday,641760,380163,1021923
2007-07-29,Sunday/Holiday,457951,272684,730635
2007-07-30,Weekday,917757,620439,1538196
2007-07-31,Weekday,946285,637331,1583616
2007-08-01,Weekday,974958,643448,1618406
2007-08-02,Weekday,944912,650901,1595813
2007-08-03,Weekday,976842,692273,1669115
2007-08-04,Saturday,646378,422115,1068493
2007-08-05,Sunday/Holiday,457228,332786,790014
2007-08-06,Weekday,908881,591244,1500125
2007-08-07,Weekday,930259,609984,1540243
2007-08-08,Weekday,911127,598593,1509720
2007-08-09,Weekday,921233,610768,1532001
2007-08-10,Weekday,942284,617817,1560101
2007-08-11,Saturday,710009,379200,1089209
2007-08-12,Sunday/Holiday,472709,262521,735230
2007-08-13,Weekday,901029,574616,1475645
2007-08-14,Weekday,905711,605080,1510791
2007-08-15,Weekday,906121,603458,1509579
2007-08-16,Weekday,910468,620464,1530932
2007-08-17,Weekday,940525,629675,1570200
2007-08-18,Saturday,613516,367895,981411
2007-08-19,Sunday/Holiday,384648,241159,625807
2007-08-20,Weekday,869663,597026,1466689
2007-08-21,Weekday,927597,600468,1528065
2007-08-22,Weekday,929593,601469,1531062
2007-08-23,Weekday,848806,578731,1427537
2007-08-24,Weekday,886880,605153,1492033
2007-08-25,Saturday,660678,362365,1023043
2007-08-26,Sunday/Holiday,491356,274617,765973
2007-08-27,Weekday,952232,609440,1561672
2007-08-28,Weekday,986289,648482,1634771
2007-08-29,Weekday,961627,640436,1602063
2007-08-30,Weekday,968474,666661,1635135
2007-08-31,Weekday,1012720,674373,1687093
2007-09-01,Saturday,697334,412998,1110332
2007-09-02,Sunday/Holiday,506887,328760,835647
2007-09-03,Sunday/Holiday,461629,275023,736652
2007-09-04,Weekday,1096027,666200,1762227
2007-09-05,Weekday,1097897,689499,1787396
2007-09-06,Weekday,1068817,689347,1758164
2007-09-07,Weekday,1043967,668804,1712771
2007-09-08,Saturday,700510,374022,1074532
2007-09-09,Sunday/Holiday,484803,266371,751174
2007-09-10,Weekday,1072218,676612,1748830
2007-09-11,Weekday,1108582,679973,1788555
2007-09-12,Weekday,1090043,680733,1770776
2007-09-13,Weekday,1073415,664991,1738406
2007-09-14,Weekday,1070397,669129,1739526
2007-09-15,Saturday,642789,378741,1021530
2007-09-16,Sunday/Holiday,455579,272814,728393
2007-09-17,Weekday,1080112,675627,1755739
2007-09-18,Weekday,1104193,689330,1793523
2007-09-19,Weekday,1098945,692726,1791671
2007-09-20,Weekday,1085299,682588,1767887
2007-09-21,Weekday,1077275,697999,1775274
2007-09-22,Saturday,678534,361587,1040121
2007-09-23,Sunday/Holiday,481232,269325,750557
2007-09-24,Weekday,1065887,649262,1715149
2007-09-25,Weekday,1064946,664976,1729922
2007-09-26,Weekday,1009515,660197,1669712
2007-09-27,Weekday,1093222,675936,1769158
2007-09-28,Weekday,1080223,680820,1761043
2007-09-29,Saturday,678705,358750,1037455
2007-09-30,Sunday/Holiday,463947,239074,703021
2007-10-01,Weekday,1088750,652510,1741260
2007-10-02,Weekday,1129578,669817,1799395
2007-10-03,Weekday,1141300,678734,1820034
2007-10-04,Weekday,1121496,682778,1804274
2007-10-05,Weekday,1108038,681736,1789774
2007-10-06,Saturday,693470,430713,1124183
2007-10-07,Sunday/Holiday,450253,394647,844900
2007-10-08,Weekday,857090,563619,1420709
2007-10-09,Weekday,1119151,673318,1792469
2007-10-10,Weekday,1075443,666054,1741497
2007-10-11,Weekday,1080412,674960,1755372
2007-10-12,Weekday,1081900,669582,1751482
2007-10-13,Saturday,657864,338481,996345
2007-10-14,Sunday/Holiday,452914,234730,687644
2007-10-15,Weekday,1087003,651751,1738754
2007-10-16,Weekday,1084935,664961,1749896
2007-10-17,Weekday,1096384,668523,1764907
2007-10-18,Weekday,1056395,666975,1723370
2007-10-19,Weekday,974134,654836,1628970
2007-10-20,Saturday,731918,352442,1084360
2007-10-21,Sunday/Holiday,499779,243884,743663
2007-10-22,Weekday,1056369,648233,1704602
2007-10-23,Weekday,1088752,662913,1751665
2007-10-24,Weekday,1080803,662981,1743784
2007-10-25,Weekday,1072949,672155,1745104
2007-10-26,Weekday,1061706,659354,1721060
2007-10-27,Saturday,678861,330492,1009353
2007-10-28,Sunday/Holiday,472765,233248,706013
2007-10-29,Weekday,1049394,639837,1689231
2007-10-30,Weekday,1088015,654838,1742853
2007-10-31,Weekday,1036100,646598,1682698
2007-11-01,Weekday,1102515,662120,1764635
2007-11-02,Weekday,1019370,640204,1659574
2007-11-03,Saturday,718550,331447,1049997
2007-11-04,Sunday/Holiday,491005,224395,715400
2007-11-05,Weekday,1074116,645467,1719583
2007-11-06,Weekday,1063193,655389,1718582
2007-11-07,Weekday,1010629,643227,1653856
2007-11-08,Weekday,1058758,663386,1722144
2007-11-09,Weekday,1038131,658500,1696631
2007-11-10,Saturday,699360,323757,1023117
2007-11-11,Sunday/Holiday,462568,216467,679035
2007-11-12,Weekday,843086,551847,1394933
2007-11-13,Weekday,1095253,660671,1755924
2007-11-14,Weekday,1073985,652294,1726279
2007-11-15,Weekday,1056246,653620,1709866
2007-11-16,Weekday,1063833,645494,1709327
2007-11-17,Saturday,651609,373784,1025393
2007-11-18,Sunday/Holiday,451689,224895,676584
2007-11-19,Weekday,1045626,628079,1673705
2007-11-20,Weekday,1055688,638081,1693769
2007-11-21,Weekday,933046,578739,1511785
2007-11-22,Sunday/Holiday,294447,157890,452337
2007-11-23,Weekday,619195,356064,975259
2007-11-24,Saturday,541464,285732,827196
2007-11-25,Sunday/Holiday,396237,221021,617258
2007-11-26,Weekday,1009519,612439,1621958
2007-11-27,Weekday,1044685,629784,1674469
2007-11-28,Weekday,1030447,627268,1657715
2007-11-29,Weekday,1015386,625742,1641128
2007-11-30,Weekday,1064598,631624,1696222
2007-12-01,Saturday,606838,307004,913842
2007-12-02,Sunday/Holiday,423280,219797,643077
2007-12-03,Weekday,1064265,605852,1670117
2007-12-04,Weekday,1082140,625524,1707664
2007-12-05,Weekday,1024462,623607,1648069
2007-12-06,Weekday,1029586,619960,1649546
2007-12-07,Weekday,956775,609732,1566507
2007-12-08,Saturday,636461,326501,962962
2007-12-09,Sunday/Holiday,423634,215699,639333
2007-12-10,Weekday,1036018,597674,1633692
2007-12-11,Weekday,1002470,605203,1607673
2007-12-12,Weekday,1051962,615293,1667255
2007-12-13,Weekday,1039827,615948,1655775
2007-12-14,Weekday,1045488,611182,1656670
2007-12-15,Saturday,606795,316867,923662
2007-12-16,Sunday/Holiday,412777,215055,627832
2007-12-17,Weekday,968005,564404,1532409
2007-12-18,Weekday,1009642,582487,1592129
2007-12-19,Weekday,1027855,587683,1615538
2007-12-20,Weekday,1016117,578637,1594754
2007-12-21,Weekday,1014168,563789,1577957
2007-12-22,Saturday,613180,290854,904034
2007-12-23,Sunday/Holiday,347895,184560,532455
2007-12-24,Weekday,531176,252649,783825
2007-12-25,Sunday/Holiday,249699,111582,361281
2007-12-26,Weekday,707668,399662,1107330
2007-12-27,Weekday,773602,462843,1236445
2007-12-28,Weekday,747807,463830,1211637
2007-12-29,Saturday,546998,277819,824817
2007-12-30,Sunday/Holiday,412003,232213,644216
2007-12-31,Weekday,669463,405727,1075190
2008-01-01,Sunday/Holiday,295571,174243,469814
2008-01-02,Weekday,699149,471241,1170390
2008-01-03,Weekday,783950,517492,1301442
2008-01-04,Weekday,851632,537002,1388634
2008-01-05,Saturday,568839,280264,849103
2008-01-06,Sunday/Holiday,415385,207391,622776
2008-01-07,Weekday,988485,588092,1576577
2008-01-08,Weekday,990597,592632,1583229
2008-01-09,Weekday,1023189,604515,1627704
2008-01-10,Weekday,998489,602398,1600887
2008-01-11,Weekday,1022368,602428,1624796
2008-01-12,Saturday,604388,299546,903934
2008-01-13,Sunday/Holiday,391645,202380,594025
2008-01-14,Weekday,996258,607357,1603615
2008-01-15,Weekday,1013209,616432,1629641
2008-01-16,Weekday,1041939,626138,1668077
2008-01-17,Weekday,998608,619823,1618431
2008-01-18,Weekday,959859,585432,1545291
2008-01-19,Saturday,414819,231306,646125
2008-01-20,Sunday/Holiday,291354,168692,460046
2008-01-21,Weekday,611887,382753,994640
2008-01-22,Weekday,992432,615285,1607717
2008-01-23,Weekday,974052,605979,1580031
2008-01-24,Weekday,910998,588279,1499277
2008-01-25,Weekday,859813,565226,1425039
2008-01-26,Saturday,572085,293979,866064
2008-01-27,Sunday/Holiday,413581,213177,626758
2008-01-28,Weekday,1025845,623259,1649104
2008-01-29,Weekday,1011729,627428,1639157
2008-01-30,Weekday,882014,580657,1462671
2008-01-31,Weekday,961357,626504,1587861
2008-02-01,Weekday,911151,593534,1504685
2008-02-02,Saturday,627807,320544,948351
2008-02-03,Sunday/Holiday,416661,216443,633104
2008-02-04,Weekday,1004041,608975,1613016
2008-02-05,Weekday,1058756,632513,1691269
2008-02-06,Weekday,925504,609115,1534619
2008-02-07,Weekday,1028104,633781,1661885
2008-02-08,Weekday,1031968,622837,1654805
2008-02-09,Saturday,627412,319751,947163
2008-02-10,Sunday/Holiday,300232,176228,476460
2008-02-11,Weekday,818840,559672,1378512
2008-02-12,Weekday,819820,553554,1373374
2008-02-13,Weekday,1039517,630232,1669749
2008-02-14,Weekday,1074632,640598,1715230
2008-02-15,Weekday,1036232,618258,1654490
2008-02-16,Saturday,649814,336935,986749
2008-02-17,Sunday/Holiday,411858,218846,630704
2008-02-18,Weekday,715974,456610,1172584
2008-02-19,Weekday,967658,595964,1563622
2008-02-20,Weekday,961552,601847,1563399
2008-02-21,Weekday,1001382,615384,1616766
2008-02-22,Weekday,1021900,610589,1632489
2008-02-23,Saturday,648822,325327,974149
2008-02-24,Sunday/Holiday,439134,222548,661682
2008-02-25,Weekday,1003187,602866,1606053
2008-02-26,Weekday,970886,605240,1576126
2008-02-27,Weekday,1019462,617002,1636464
2008-02-28,Weekday,1028392,620602,1648994
2008-02-29,Weekday,1049773,618230,1668003
2008-03-01,Saturday,668866,322061,990927
2008-03-02,Sunday/Holiday,465660,229531,695191
2008-03-03,Weekday,890785,556767,1447552
2008-03-04,Weekday,1053813,619343,1673156
2008-03-05,Weekday,1059027,620660,1679687
2008-03-06,Weekday,1055418,624362,1679780
2008-03-07,Weekday,1031200,604635,1635835
2008-03-08,Saturday,590236,294749,884985
2008-03-09,Sunday/Holiday,415621,215690,631311
2008-03-10,Weekday,1024901,606737,1631638
2008-03-11,Weekday,1062865,633917,1696782
2008-03-12,Weekday,1068268,640051,1708319
2008-03-13,Weekday,1070019,642018,1712037
2008-03-14,Weekday,1077635,647279,1724914
2008-03-15,Saturday,645518,407380,1052898
2008-03-16,Sunday/Holiday,447363,243823,691186
2008-03-17,Weekday,897500,584885,1482385
2008-03-18,Weekday,909978,593247,1503225
2008-03-19,Weekday,945983,608639,1554622
2008-03-20,Weekday,955273,600735,1556008
2008-03-21,Weekday,767583,493573,1261156
2008-03-22,Saturday,589688,288852,878540
2008-03-23,Sunday/Holiday,401640,192284,593924
2008-03-24,Weekday,1001268,570762,1572030
2008-03-25,Weekday,1036465,596853,1633318
2008-03-26,Weekday,1050176,603440,1653616
2008-03-27,Weekday,986130,588572,1574702
2008-03-28,Weekday,1053516,604448,1657964
2008-03-29,Saturday,688035,319080,1007115
2008-03-30,Sunday/Holiday,442777,233663,676440
2008-03-31,Weekday,1008940,622143,1631083
2008-04-01,Weekday,1114418,637976,1752394
2008-04-02,Weekday,1118495,661969,1780464
2008-04-03,Weekday,1112511,663802,1776313
2008-04-04,Weekday,1115690,653351,1769041
2008-04-05,Saturday,765299,356215,1121514
2008-04-06,Sunday/Holiday,523895,249096,772991
2008-04-07,Weekday,1084375,638419,1722794
2008-04-08,Weekday,1063269,628618,1691887
2008-04-09,Weekday,1092341,646940,1739281
2008-04-10,Weekday,994944,620427,1615371
2008-04-11,Weekday,999556,629067,1628623
2008-04-12,Saturday,664161,302616,966777
2008-04-13,Sunday/Holiday,479293,216008,695301
2008-04-14,Weekday,1088485,635754,1724239
2008-04-15,Weekday,1127401,649135,1776536
2008-04-16,Weekday,1064026,661463,1725489
2008-04-17,Weekday,1091387,665873,1757260
2008-04-18,Weekday,1097367,652105,1749472
2008-04-19,Saturday,686540,340662,1027202
2008-04-20,Sunday/Holiday,519280,266945,786225
2008-04-21,Weekday,1088521,651232,1739753
2008-04-22,Weekday,1085729,671423,1757152
2008-04-23,Weekday,1055157,650232,1705389
2008-04-24,Weekday,1021163,649514,1670677
2008-04-25,Weekday,1054844,629468,1684312
2008-04-26,Saturday,698927,319314,1018241
2008-04-27,Sunday/Holiday,481571,225896,707467
2008-04-28,Weekday,1009567,606882,1616449
2008-04-29,Weekday,1091930,652034,1743964
2008-04-30,Weekday,1104713,662503,1767216
2008-05-01,Weekday,1129443,680679,1810122
2008-05-02,Weekday,1082350,641332,1723682
2008-05-03,Saturday,716121,344446,1060567
2008-05-04,Sunday/Holiday,536640,245821,782461
2008-05-05,Weekday,1111775,633266,1745041
2008-05-06,Weekday,1122716,651484,1774200
2008-05-07,Weekday,1045666,631068,1676734
2008-05-08,Weekday,1112033,655364,1767397
2008-05-09,Weekday,1117011,659889,1776900
2008-05-10,Saturday,742741,326525,1069266
2008-05-11,Sunday/Holiday,409987,193452,603439
2008-05-12,Weekday,1070403,630574,1700977
2008-05-13,Weekday,1092576,652724,1745300
2008-05-14,Weekday,1083589,650904,1734493
2008-05-15,Weekday,1092014,662730,1754744
2008-05-16,Weekday,1110816,668057,1778873
2008-05-17,Saturday,749048,350884,1099932
2008-05-18,Sunday/Holiday,518114,248679,766793
2008-05-19,Weekday,1076847,614865,1691712
2008-05-20,Weekday,1085719,634661,1720380
2008-05-21,Weekday,1108988,647342,1756330
2008-05-22,Weekday,1097500,649513,1747013
2008-05-23,Weekday,1074370,622769,1697139
2008-05-24,Saturday,692374,371905,1064279
2008-05-25,Sunday/Holiday,502997,284612,787609
2008-05-26,Sunday/Holiday,460848,274870,735718
2008-05-27,Weekday,1026141,626634,1652775
2008-05-28,Weekday,1105899,647402,1753301
2008-05-29,Weekday,1090598,653634,1744232
2008-05-30,Weekday,1079526,637842,1717368
2008-05-31,Saturday,788945,374327,1163272
2008-06-01,Sunday/Holiday,566162,279274,845436
2008-06-02,Weekday,1098574,638006,1736580
2008-06-03,Weekday,1073873,643040,1716913
2008-06-04,Weekday,1114498,656098,1770596
2008-06-05,Weekday,1104182,673642,1777824
2008-06-06,Weekday,1087144,661938,1749082
2008-06-07,Saturday,708308,358623,1066931
2008-06-08,Sunday/Holiday,494209,281814,776023
2008-06-09,Weekday,1032999,630410,1663409
2008-06-10,Weekday,1117614,685952,1803566
2008-06-11,Weekday,1100852,696784,1797636
2008-06-12,Weekday,1026283,681143,1707426
2008-06-13,Weekday,1084190,655268,1739458
2008-06-14,Saturday,785252,368109,1153361
2008-06-15,Sunday/Holiday,495972,235961,731933
2008-06-16,Weekday,999214,614395,1613609
2008-06-17,Weekday,1033341,643362,1676703
2008-06-18,Weekday,1043814,654284,1698098
2008-06-19,Weekday,1037717,659852,1697569
2008-06-20,Weekday,996558,662324,1658882
2008-06-21,Saturday,741561,399150,1140711
2008-06-22,Sunday/Holiday,531761,282226,813987
2008-06-23,Weekday,1019631,625987,1645618
2008-06-24,Weekday,1046337,666522,1712859
2008-06-25,Weekday,1005969,662936,1668905
2008-06-26,Weekday,1052301,685526,1737827
2008-06-27,Weekday,1019687,693555,1713242
2008-06-28,Saturday,730245,483016,1213261
2008-06-29,Sunday/Holiday,505046,412562,917608
2008-06-30,Weekday,1037295,679631,1716926
2008-07-01,Weekday,1098281,694175,1792456
2008-07-02,Weekday,1043654,675750,1719404
2008-07-03,Weekday,1143777,905742,2049519
2008-07-04,Sunday/Holiday,606974,421170,1028144
2008-07-05,Saturday,675949,409554,1085503
2008-07-06,Sunday/Holiday,520542,324341,844883
2008-07-07,Weekday,990782,608485,1599267
2008-07-08,Weekday,1052665,666338,1719003
2008-07-09,Weekday,1093064,686636,1779700
2008-07-10,Weekday,1029219,674645,1703864
2008-07-11,Weekday,1059114,682404,1741518
2008-07-12,Saturday,718369,361910,1080279
2008-07-13,Sunday/Holiday,553236,291565,844801
2008-07-14,Weekday,1058694,637119,1695813
2008-07-15,Weekday,1088616,655456,1744072
2008-07-16,Weekday,1063054,651228,1714282
2008-07-17,Weekday,1070349,656485,1726834
2008-07-18,Weekday,1050847,664271,1715118
2008-07-19,Saturday,675968,342834,1018802
2008-07-20,Sunday/Holiday,546570,284611,831181
2008-07-21,Weekday,1024212,635587,1659799
2008-07-22,Weekday,1077279,666303,1743582
2008-07-23,Weekday,1082583,672801,1755384
2008-07-24,Weekday,1062708,695993,1758701
2008-07-25,Weekday,1032058,683549,1715607
2008-07-26,Saturday,733901,446775,1180676
2008-07-27,Sunday/Holiday,520244,291389,811633
2008-07-28,Weekday,996509,622637,1619146
2008-07-29,Weekday,1014276,654547,1668823
2008-07-30,Weekday,1009837,641527,1651364
2008-07-31,Weekday,976117,652936,1629053
2008-08-01,Weekday,1081564,766911,1848475
2008-08-02,Saturday,764749,502705,1267454
2008-08-03,Sunday/Holiday,549191,403165,952356
2008-08-04,Weekday,929003,636533,1565536
2008-08-05,Weekday,997379,673384,1670763
2008-08-06,Weekday,1020516,684080,1704596
2008-08-07,Weekday,1024746,683487,1708233
2008-08-08,Weekday,1041165,713105,1754270
2008-08-09,Saturday,770627,431699,1202326
2008-08-10,Sunday/Holiday,542860,314698,857558
2008-08-11,Weekday,969826,623874,1593700
2008-08-12,Weekday,989226,632942,1622168
2008-08-13,Weekday,973719,627548,1601267
2008-08-14,Weekday,993155,638565,1631720
2008-08-15,Weekday,1038006,651338,1689344
2008-08-16,Saturday,748347,414784,1163131
2008-08-17,Sunday/Holiday,539476,317781,857257
2008-08-18,Weekday,974311,621522,1595833
2008-08-19,Weekday,1012560,662493,1675053
2008-08-20,Weekday,1019019,671769,1690788
2008-08-21,Weekday,1006682,679508,1686190
2008-08-22,Weekday,1009399,677130,1686529
2008-08-23,Saturday,750128,387758,1137886
2008-08-24,Sunday/Holiday,547427,295072,842499
2008-08-25,Weekday,1012339,631974,1644313
2008-08-26,Weekday,1051063,653148,1704211
2008-08-27,Weekday,1040926,650396,1691322
2008-08-28,Weekday,1022254,678635,1700889
2008-08-29,Weekday,1080840,681463,1762303
2008-08-30,Saturday,766930,395205,1162135
2008-08-31,Sunday/Holiday,557427,325462,882889
2008-09-01,Sunday/Holiday,500748,293458,794206
2008-09-02,Weekday,1131494,681719,1813213
2008-09-03,Weekday,1166955,710304,1877259
2008-09-04,Weekday,1025296,653827,1679123
2008-09-05,Weekday,1171756,698545,1870301
2008-09-06,Saturday,778425,416356,1194781
2008-09-07,Sunday/Holiday,529779,273883,803662
2008-09-08,Weekday,1058699,651127,1709826
2008-09-09,Weekday,1176865,712792,1889657
2008-09-10,Weekday,1167063,719905,1886968
2008-09-11,Weekday,1156490,719806,1876296
2008-09-12,Weekday,1120112,700943,1821055
2008-09-13,Saturday,597639,317145,914784
2008-09-14,Sunday/Holiday,399483,231026,630509
2008-09-15,Weekday,1140716,692029,1832745
2008-09-16,Weekday,1168626,731344,1899970
2008-09-17,Weekday,1172871,740575,1913446
2008-09-18,Weekday,1169932,739141,1909073
2008-09-19,Weekday,1174967,743560,1918527
2008-09-20,Saturday,791707,447679,1239386
2008-09-21,Sunday/Holiday,551489,317922,869411
2008-09-22,Weekday,1140486,690356,1830842
2008-09-23,Weekday,1163232,707370,1870602
2008-09-24,Weekday,1148720,713572,1862292
2008-09-25,Weekday,1162318,720003,1882321
2008-09-26,Weekday,1090515,708141,1798656
2008-09-27,Saturday,753562,409500,1163062
2008-09-28,Sunday/Holiday,508469,280560,789029
2008-09-29,Weekday,1074139,671489,1745628
2008-09-30,Weekday,1137377,706085,1843462
2008-10-01,Weekday,1197836,724444,1922280
2008-10-02,Weekday,1180204,731452,1911656
2008-10-03,Weekday,1211992,706967,1918959
2008-10-04,Saturday,778642,387182,1165824
2008-10-05,Sunday/Holiday,512429,271121,783550
2008-10-06,Weekday,1166019,698883,1864902
2008-10-07,Weekday,1133103,689214,1822317
2008-10-08,Weekday,1141745,693515,1835260
2008-10-09,Weekday,1161478,703190,1864668
2008-10-10,Weekday,1169810,716085,1885895
2008-10-11,Saturday,750797,444185,1194982
2008-10-12,Sunday/Holiday,495211,436316,931527
2008-10-13,Weekday,909500,599831,1509331
2008-10-14,Weekday,1165787,704419,1870206
2008-10-15,Weekday,1115651,694445,1810096
2008-10-16,Weekday,1166556,715760,1882316
2008-10-17,Weekday,1162723,709679,1872402
2008-10-18,Saturday,766941,425998,1192939
2008-10-19,Sunday/Holiday,537382,296713,834095
2008-10-20,Weekday,1092061,674708,1766769
2008-10-21,Weekday,1158146,701303,1859449
2008-10-22,Weekday,1149832,699333,1849165
2008-10-23,Weekday,1144729,703527,1848256
2008-10-24,Weekday,1036465,675065,1711530
2008-10-25,Saturday,718718,391521,1110239
2008-10-26,Sunday/Holiday,492388,269253,761641
2008-10-27,Weekday,1085873,677343,1763216
2008-10-28,Weekday,1129560,690269,1819829
2008-10-29,Weekday,1123289,696994,1820283
2008-10-30,Weekday,1142793,709395,1852188
2008-10-31,Weekday,1135299,709363,1844662
2008-11-01,Saturday,734026,385865,1119891
2008-11-02,Sunday/Holiday,525585,278142,803727
2008-11-03,Weekday,1178414,690751,1869165
2008-11-04,Weekday,1152333,786405,1938738
2008-11-05,Weekday,1156522,715659,1872181
2008-11-06,Weekday,1101916,691666,1793582
2008-11-07,Weekday,1040709,678770,1719479
2008-11-08,Saturday,675404,398288,1073692
2008-11-09,Sunday/Holiday,475132,267029,742161
2008-11-10,Weekday,1000224,656658,1656882
2008-11-11,Weekday,891353,599602,1490955
2008-11-12,Weekday,1081236,679826,1761062
2008-11-13,Weekday,1074912,684049,1758961
2008-11-14,Weekday,1133869,683123,1816992
2008-11-15,Saturday,688151,374896,1063047
2008-11-16,Sunday/Holiday,459244,245130,704374
2008-11-17,Weekday,1080548,652199,1732747
2008-11-18,Weekday,1093821,666335,1760156
2008-11-19,Weekday,1114917,670515,1785432
2008-11-20,Weekday,1085367,670667,1756034
2008-11-21,Weekday,1087614,657879,1745493
2008-11-22,Saturday,697641,417656,1115297
2008-11-23,Sunday/Holiday,477070,243556,720626
2008-11-24,Weekday,1060943,638066,1699009
2008-11-25,Weekday,1088066,653433,1741499
2008-11-26,Weekday,1032378,599978,1632356
2008-11-27,Sunday/Holiday,350071,189458,539529
2008-11-28,Weekday,668376,363454,1031830
2008-11-29,Saturday,595913,320575,916488
2008-11-30,Sunday/Holiday,384770,217697,602467
2008-12-01,Weekday,1060059,635852,1695911
2008-12-02,Weekday,1095425,652324,1747749
2008-12-03,Weekday,1115007,658630,1773637
2008-12-04,Weekday,1063682,651130,1714812
2008-12-05,Weekday,1028359,628044,1656403
2008-12-06,Saturday,596202,347667,943869
2008-12-07,Sunday/Holiday,406475,241719,648194
2008-12-08,Weekday,1039370,618281,1657651
2008-12-09,Weekday,1000971,619711,1620682
2008-12-10,Weekday,1041145,640709,1681854
2008-12-11,Weekday,1059298,653239,1712537
2008-12-12,Weekday,1016010,626638,1642648
2008-12-13,Saturday,625939,350799,976738
2008-12-14,Sunday/Holiday,440496,247568,688064
2008-12-15,Weekday,899917,564467,1464384
2008-12-16,Weekday,906945,632719,1539664
2008-12-17,Weekday,982687,615707,1598394
2008-12-18,Weekday,995662,618571,1614233
2008-12-19,Weekday,894131,596207,1490338
2008-12-20,Saturday,589697,335672,925369
2008-12-21,Sunday/Holiday,280044,172052,452096
2008-12-22,Weekday,703302,474711,1178013
2008-12-23,Weekday,742980,501283,1244263
2008-12-24,Weekday,626374,339616,965990
2008-12-25,Sunday/Holiday,238727,113322,352049
2008-12-26,Weekday,564107,321342,885449
2008-12-27,Saturday,510369,254291,764660
2008-12-28,Sunday/Holiday,397897,219334,617231
2008-12-29,Weekday,813142,503359,1316501
2008-12-30,Weekday,820666,523516,1344182
2008-12-31,Weekday,743027,480797,1223824
2009-01-01,Sunday/Holiday,338779,238590,577369
2009-01-02,Weekday,765802,443439,1209241
2009-01-03,Saturday,580506,293634,874140
2009-01-04,Sunday/Holiday,402180,213098,615278
2009-01-05,Weekday,1012207,591455,1603662
2009-01-06,Weekday,1006184,600314,1606498
2009-01-07,Weekday,991858,606481,1598339
2009-01-08,Weekday,1000931,606524,1607455
2009-01-09,Weekday,985250,625043,1610293
2009-01-10,Saturday,521906,304657,826563
2009-01-11,Sunday/Holiday,390151,219600,609751
2009-01-12,Weekday,1009651,629944,1639595
2009-01-13,Weekday,952091,615363,1567454
2009-01-14,Weekday,905548,620646,1526194
2009-01-15,Weekday,755677,532219,1287896
2009-01-16,Weekday,822136,542180,1364316
2009-01-17,Saturday,553273,302764,856037
2009-01-18,Sunday/Holiday,397317,224910,622227
2009-01-19,Weekday,665251,409551,1074802
2009-01-20,Weekday,1018227,624553,1642780
2009-01-21,Weekday,1068170,647903,1716073
2009-01-22,Weekday,1082611,657786,1740397
2009-01-23,Weekday,979795,622633,1602428
2009-01-24,Saturday,561515,316086,877601
2009-01-25,Sunday/Holiday,376302,215452,591754
2009-01-26,Weekday,1024953,633365,1658318
2009-01-27,Weekday,1050873,646578,1697451
2009-01-28,Weekday,1044085,653089,1697174
2009-01-29,Weekday,1040926,648114,1689040
2009-01-30,Weekday,1059741,627734,1687475
2009-01-31,Saturday,667780,340757,1008537
2009-02-01,Sunday/Holiday,459271,242773,702044
2009-02-02,Weekday,1062276,628819,1691095
2009-02-03,Weekday,1058730,636578,1695308
2009-02-04,Weekday,1026435,631042,1657477
2009-02-05,Weekday,1064605,643718,1708323
2009-02-06,Weekday,1090042,639394,1729436
2009-02-07,Saturday,722336,387825,1110161
2009-02-08,Sunday/Holiday,469249,245082,714331
2009-02-09,Weekday,1061620,634229,1695849
2009-02-10,Weekday,1121451,666014,1787465
2009-02-11,Weekday,1001838,637558,1639396
2009-02-12,Weekday,943891,620278,1564169
2009-02-13,Weekday,1008863,643066,1651929
2009-02-14,Saturday,711324,388028,1099352
2009-02-15,Sunday/Holiday,466104,262442,728546
2009-02-16,Weekday,765356,486133,1251489
2009-02-17,Weekday,1087248,654156,1741404
2009-02-18,Weekday,1030930,637389,1668319
2009-02-19,Weekday,1004978,639414,1644392
2009-02-20,Weekday,1032282,632936,1665218
2009-02-21,Saturday,578539,329252,907791
2009-02-22,Sunday/Holiday,422899,231506,654405
2009-02-23,Weekday,1030913,619409,1650322
2009-02-24,Weekday,1072167,642992,1715159
2009-02-25,Weekday,1082105,650665,1732770
2009-02-26,Weekday,981515,624424,1605939
2009-02-27,Weekday,1045953,631269,1677222
2009-02-28,Saturday,639146,349295,988441
2009-03-01,Sunday/Holiday,385236,219552,604788
2009-03-02,Weekday,866001,570796,1436797
2009-03-03,Weekday,1095720,642501,1738221
2009-03-04,Weekday,1098350,648398,1746748
2009-03-05,Weekday,1105607,658867,1764474
2009-03-06,Weekday,1106466,653708,1760174
2009-03-07,Saturday,564839,319673,884512
2009-03-08,Sunday/Holiday,367983,212484,580467
2009-03-09,Weekday,1073249,638209,1711458
2009-03-10,Weekday,1026177,636119,1662296
2009-03-11,Weekday,1058738,649963,1708701
2009-03-12,Weekday,1039462,646252,1685714
2009-03-13,Weekday,1075419,656181,1731600
2009-03-14,Saturday,699923,471323,1171246
2009-03-15,Sunday/Holiday,484927,286972,771899
2009-03-16,Weekday,1040208,648040,1688248
2009-03-17,Weekday,1110747,683241,1793988
2009-03-18,Weekday,1051328,653127,1704455
2009-03-19,Weekday,1073688,656286,1729974
2009-03-20,Weekday,1064573,643149,1707722
2009-03-21,Saturday,684551,377094,1061645
2009-03-22,Sunday/Holiday,471865,260374,732239
2009-03-23,Weekday,1007657,598236,1605893
2009-03-24,Weekday,1023641,616038,1639679
2009-03-25,Weekday,1052157,625381,1677538
2009-03-26,Weekday,1053676,633781,1687457
2009-03-27,Weekday,969091,614690,1583781
2009-03-28,Saturday,582316,331568,913884
2009-03-29,Sunday/Holiday,360851,229406,590257
2009-03-30,Weekday,1044468,628992,1673460
2009-03-31,Weekday,1007561,628945,1636506
2009-04-01,Weekday,1103516,658559,1762075
2009-04-02,Weekday,1017567,649643,1667210
2009-04-03,Weekday,1094889,653334,1748223
2009-04-04,Saturday,696212,390735,1086947
2009-04-05,Sunday/Holiday,394704,236381,631085
2009-04-06,Weekday,878367,593691,1472058
2009-04-07,Weekday,948719,636189,1584908
2009-04-08,Weekday,963532,642963,1606495
2009-04-09,Weekday,952099,638401,1590500
2009-04-10,Weekday,866040,562197,1428237
2009-04-11,Saturday,641437,349911,991348
2009-04-12,Sunday/Holiday,423274,228889,652163
2009-04-13,Weekday,937261,619681,1556942
2009-04-14,Weekday,1028849,642703,1671552
2009-04-15,Weekday,1073275,682839,1756114
2009-04-16,Weekday,1082379,692868,1775247
2009-04-17,Weekday,1087613,695313,1782926
2009-04-18,Saturday,690066,421519,1111585
2009-04-19,Sunday/Holiday,398430,243756,642186
2009-04-20,Weekday,1007645,629066,1636711
2009-04-21,Weekday,1030738,659154,1689892
2009-04-22,Weekday,1040599,679753,1720352
2009-04-23,Weekday,1039524,688741,1728265
2009-04-24,Weekday,1084984,679180,1764164
2009-04-25,Saturday,612802,358235,971037
2009-04-26,Sunday/Holiday,422437,251595,674032
2009-04-27,Weekday,972593,633164,1605757
2009-04-28,Weekday,1043138,650112,1693250
2009-04-29,Weekday,1045681,648841,1694522
2009-04-30,Weekday,999397,660465,1659862
2009-05-01,Weekday,1116163,677684,1793847
2009-05-02,Saturday,764832,399421,1164253
2009-05-03,Sunday/Holiday,528055,291070,819125
2009-05-04,Weekday,1081915,667219,1749134
2009-05-05,Weekday,1091934,680732,1772666
2009-05-06,Weekday,1040297,650834,1691131
2009-05-07,Weekday,1071031,675865,1746896
2009-05-08,Weekday,1084713,657966,1742679
2009-05-09,Saturday,674760,343099,1017859
2009-05-10,Sunday/Holiday,474595,249540,724135
2009-05-11,Weekday,1019002,620480,1639482
2009-05-12,Weekday,1070549,675570,1746119
2009-05-13,Weekday,979697,640084,1619781
2009-05-14,Weekday,1074183,690670,1764853
2009-05-15,Weekday,985291,650805,1636096
2009-05-16,Saturday,746301,406577,1152878
2009-05-17,Sunday/Holiday,511550,293680,805230
2009-05-18,Weekday,1045190,623839,1669029
2009-05-19,Weekday,1072111,650975,1723086
2009-05-20,Weekday,1085546,664197,1749743
2009-05-21,Weekday,1070609,663646,1734255
2009-05-22,Weekday,1052067,637603,1689670
2009-05-23,Saturday,700549,367228,1067777
2009-05-24,Sunday/Holiday,511582,288558,800140
2009-05-25,Sunday/Holiday,409208,258452,667660
2009-05-26,Weekday,998498,634549,1633047
2009-05-27,Weekday,1026962,648266,1675228
2009-05-28,Weekday,1038163,663980,1702143
2009-05-29,Weekday,1064215,677893,1742108
2009-05-30,Saturday,695552,385727,1081279
2009-05-31,Sunday/Holiday,511749,289239,800988
2009-06-01,Weekday,1011224,619841,1631065
2009-06-02,Weekday,1036601,635007,1671608
2009-06-03,Weekday,1092082,659178,1751260
2009-06-04,Weekday,1078827,665490,1744317
2009-06-05,Weekday,1074738,656345,1731083
2009-06-06,Saturday,676207,368951,1045158
2009-06-07,Sunday/Holiday,489403,264624,754027
2009-06-08,Weekday,1003036,633669,1636705
2009-06-09,Weekday,1017857,645412,1663269
2009-06-10,Weekday,1010707,655620,1666327
2009-06-11,Weekday,881200,627380,1508580
2009-06-12,Weekday,1067730,722970,1790700
2009-06-13,Saturday,619909,429667,1049576
2009-06-14,Sunday/Holiday,519510,372743,892253
2009-06-15,Weekday,969271,636444,1605715
2009-06-16,Weekday,913925,644994,1558919
2009-06-17,Weekday,978050,671546,1649596
2009-06-18,Weekday,970757,684946,1655703
2009-06-19,Weekday,868477,622117,1490594
2009-06-20,Saturday,757562,423217,1180779
2009-06-21,Sunday/Holiday,514773,292519,807292
2009-06-22,Weekday,957022,623252,1580274
2009-06-23,Weekday,978739,644145,1622884
2009-06-24,Weekday,937838,642145,1579983
2009-06-25,Weekday,969861,659105,1628966
2009-06-26,Weekday,985078,708491,1693569
2009-06-27,Saturday,692627,469970,1162597
2009-06-28,Sunday/Holiday,516762,469985,986747
2009-06-29,Weekday,961592,649188,1610780
2009-06-30,Weekday,962402,648809,1611211
2009-07-01,Weekday,1003064,680635,1683699
2009-07-02,Weekday,1020960,713778,1734738
2009-07-03,Sunday/Holiday,791721,711335,1503056
2009-07-04,Saturday,540914,394405,935319
2009-07-05,Sunday/Holiday,507244,364973,872217
2009-07-06,Weekday,966889,643223,1610112
2009-07-07,Weekday,977293,670829,1648122
2009-07-08,Weekday,954018,667258,1621276
2009-07-09,Weekday,1002646,673821,1676467
2009-07-10,Weekday,938460,672582,1611042
2009-07-11,Saturday,733100,422670,1155770
2009-07-12,Sunday/Holiday,525978,335349,861327
2009-07-13,Weekday,975656,638789,1614445
2009-07-14,Weekday,975173,644793,1619966
2009-07-15,Weekday,984189,650434,1634623
2009-07-16,Weekday,990574,683021,1673595
2009-07-17,Weekday,954520,667858,1622378
2009-07-18,Saturday,711371,421356,1132727
2009-07-19,Sunday/Holiday,493670,311785,805455
2009-07-20,Weekday,963999,643810,1607809
2009-07-21,Weekday,986777,683790,1670567
2009-07-22,Weekday,973865,654420,1628285
2009-07-23,Weekday,959920,673917,1633837
2009-07-24,Weekday,968278,686977,1655255
2009-07-25,Saturday,693104,467927,1161031
2009-07-26,Sunday/Holiday,490518,334490,825008
2009-07-27,Weekday,939982,648312,1588294
2009-07-28,Weekday,956278,667503,1623781
2009-07-29,Weekday,958820,672872,1631692
2009-07-30,Weekday,926905,680056,1606961
2009-07-31,Weekday,997830,674810,1672640
2009-08-01,Saturday,712791,396785,1109576
2009-08-02,Sunday/Holiday,541877,324804,866681
2009-08-03,Weekday,945629,612506,1558135
2009-08-04,Weekday,966555,645725,1612280
2009-08-05,Weekday,965266,653026,1618292
2009-08-06,Weekday,958790,673897,1632687
2009-08-07,Weekday,900717,695143,1595860
2009-08-08,Saturday,714606,503501,1218107
2009-08-09,Sunday/Holiday,492623,383769,876392
2009-08-10,Weekday,920020,624034,1544054
2009-08-11,Weekday,950753,672387,1623140
2009-08-12,Weekday,951988,666879,1618867
2009-08-13,Weekday,946370,674767,1621137
2009-08-14,Weekday,969081,683249,1652330
2009-08-15,Saturday,722837,472275,1195112
2009-08-16,Sunday/Holiday,473628,338169,811797
2009-08-17,Weekday,854426,594551,1448977
2009-08-18,Weekday,948964,636143,1585107
2009-08-19,Weekday,917526,624721,1542247
2009-08-20,Weekday,922627,630083,1552710
2009-08-21,Weekday,946374,633411,1579785
2009-08-22,Saturday,713225,393634,1106859
2009-08-23,Sunday/Holiday,516846,283806,800652
2009-08-24,Weekday,966314,634030,1600344
2009-08-25,Weekday,993279,680981,1674260
2009-08-26,Weekday,921926,651492,1573418
2009-08-27,Weekday,934232,664531,1598763
2009-08-28,Weekday,974302,674306,1648608
2009-08-29,Saturday,708836,405427,1114263
2009-08-30,Sunday/Holiday,505635,302535,808170
2009-08-31,Weekday,975508,658827,1634335
2009-09-01,Weekday,1055167,680368,1735535
2009-09-02,Weekday,1032505,682877,1715382
2009-09-03,Weekday,1063234,714324,1777558
2009-09-04,Weekday,1020694,678461,1699155
2009-09-05,Saturday,701349,428069,1129418
2009-09-06,Sunday/Holiday,503694,338561,842255
2009-09-07,Sunday/Holiday,463198,299374,762572
2009-09-08,Weekday,1004429,709373,1713802
2009-09-09,Weekday,1097851,711047,1808898
2009-09-10,Weekday,1099979,713849,1813828
2009-09-11,Weekday,1114404,743271,1857675
2009-09-12,Saturday,728447,482038,1210485
2009-09-13,Sunday/Holiday,517813,355437,873250
2009-09-14,Weekday,1101985,714141,1816126
2009-09-15,Weekday,1115027,729171,1844198
2009-09-16,Weekday,1108929,732849,1841778
2009-09-17,Weekday,1112462,745180,1857642
2009-09-18,Weekday,1102861,708997,1811858
2009-09-19,Saturday,721408,415652,1137060
2009-09-20,Sunday/Holiday,480835,292572,773407
2009-09-21,Weekday,1076200,692304,1768504
2009-09-22,Weekday,1098839,708391,1807230
2009-09-23,Weekday,1102842,718424,1821266
2009-09-24,Weekday,1099145,712276,1811421
2009-09-25,Weekday,1010229,697003,1707232
2009-09-26,Saturday,702445,426960,1129405
2009-09-27,Sunday/Holiday,494098,295158,789256
2009-09-28,Weekday,1025351,659478,1684829
2009-09-29,Weekday,1070466,701863,1772329
2009-09-30,Weekday,1092412,723123,1815535
2009-10-01,Weekday,1092443,714559,1807002
2009-10-02,Weekday,1094376,710954,1805330
2009-10-03,Saturday,715566,415308,1130874
2009-10-04,Sunday/Holiday,514280,309529,823809
2009-10-05,Weekday,1110701,690993,1801694
2009-10-06,Weekday,1071550,693172,1764722
2009-10-07,Weekday,1111089,714396,1825485
2009-10-08,Weekday,1063003,714502,1777505
2009-10-09,Weekday,1023705,689843,1713548
2009-10-10,Saturday,676836,433332,1110168
2009-10-11,Sunday/Holiday,436381,428201,864582
2009-10-12,Weekday,827772,594084,1421856
2009-10-13,Weekday,1102805,706201,1809006
2009-10-14,Weekday,1077269,703009,1780278
2009-10-15,Weekday,1052994,712178,1765172
2009-10-16,Weekday,1067868,708838,1776706
2009-10-17,Saturday,692682,420801,1113483
2009-10-18,Sunday/Holiday,494901,296936,791837
2009-10-19,Weekday,1094468,697391,1791859
2009-10-20,Weekday,1095869,709084,1804953
2009-10-21,Weekday,1110910,714863,1825773
2009-10-22,Weekday,1051505,708978,1760483
2009-10-23,Weekday,932000,664168,1596168
2009-10-24,Saturday,672636,394925,1067561
2009-10-25,Sunday/Holiday,471453,278478,749931
2009-10-26,Weekday,1045756,673242,1718998
2009-10-27,Weekday,1106013,699054,1805067
2009-10-28,Weekday,1091208,699543,1790751
2009-10-29,Weekday,1096369,715628,1811997
2009-10-30,Weekday,1035778,680089,1715867
2009-10-31,Saturday,698324,406844,1105168
2009-11-01,Sunday/Holiday,494777,290701,785478
2009-11-02,Weekday,1099218,681759,1780977
2009-11-03,Weekday,1136686,697012,1833698
2009-11-04,Weekday,1105418,695322,1800740
2009-11-05,Weekday,1114979,710657,1825636
2009-11-06,Weekday,1015815,683216,1699031
2009-11-07,Saturday,723832,419045,1142877
2009-11-08,Sunday/Holiday,512125,297504,809629
2009-11-09,Weekday,1076270,673433,1749703
2009-11-10,Weekday,1090758,686972,1777730
2009-11-11,Weekday,908424,620355,1528779
2009-11-12,Weekday,1097428,709937,1807365
2009-11-13,Weekday,1092994,693142,1786136
2009-11-14,Saturday,694924,410234,1105158
2009-11-15,Sunday/Holiday,460225,274484,734709
2009-11-16,Weekday,1061332,668884,1730216
2009-11-17,Weekday,1060364,677993,1738357
2009-11-18,Weekday,1043248,676849,1720097
2009-11-19,Weekday,1021173,682045,1703218
2009-11-20,Weekday,1105710,692325,1798035
2009-11-21,Saturday,702789,482859,1185648
2009-11-22,Sunday/Holiday,485345,297371,782716
2009-11-23,Weekday,1073100,665885,1738985
2009-11-24,Weekday,1054145,665966,1720111
2009-11-25,Weekday,997101,612769,1609870
2009-11-26,Sunday/Holiday,329214,188829,518043
2009-11-27,Weekday,647293,378145,1025438
2009-11-28,Saturday,587950,342511,930461
2009-11-29,Sunday/Holiday,399383,238190,637573
2009-11-30,Weekday,1048329,650622,1698951
2009-12-01,Weekday,1130467,682786,1813253
2009-12-02,Weekday,1094833,673684,1768517
2009-12-03,Weekday,1098849,686030,1784879
2009-12-04,Weekday,973336,652626,1625962
2009-12-05,Saturday,671524,385396,1056920
2009-12-06,Sunday/Holiday,461240,276654,737894
2009-12-07,Weekday,1034149,643604,1677753
2009-12-08,Weekday,1031237,661097,1692334
2009-12-09,Weekday,985064,649445,1634509
2009-12-10,Weekday,875574,598439,1474013
2009-12-11,Weekday,980494,627993,1608487
2009-12-12,Saturday,653142,371427,1024569
2009-12-13,Sunday/Holiday,457587,265706,723293
2009-12-14,Weekday,1003184,616209,1619393
2009-12-15,Weekday,988681,619534,1608215
2009-12-16,Weekday,968963,614739,1583702
2009-12-17,Weekday,995849,624996,1620845
2009-12-18,Weekday,1005529,623684,1629213
2009-12-19,Saturday,612039,350048,962087
2009-12-20,Sunday/Holiday,441105,257984,699089
2009-12-21,Weekday,848265,548679,1396944
2009-12-22,Weekday,818602,546637,1365239
2009-12-23,Weekday,778855,498841,1277696
2009-12-24,Weekday,584096,303611,887707
2009-12-25,Sunday/Holiday,249347,121545,370892
2009-12-26,Saturday,464351,237093,701444
2009-12-27,Sunday/Holiday,368183,207527,575710
2009-12-28,Weekday,740043,469843,1209886
2009-12-29,Weekday,753943,488944,1242887
2009-12-30,Weekday,760344,500436,1260780
2009-12-31,Weekday,750868,461311,1212179
2010-01-01,Sunday/Holiday,348324,217060,565384
2010-01-02,Saturday,484655,264011,748666
2010-01-03,Sunday/Holiday,354762,200944,555706
2010-01-04,Weekday,938766,569397,1508163
2010-01-05,Weekday,970860,589044,1559904
2010-01-06,Weekday,980962,598511,1579473
2010-01-07,Weekday,901941,616491,1518432
2010-01-08,Weekday,937662,597434,1535096
2010-01-09,Saturday,550886,310265,861151
2010-01-10,Sunday/Holiday,372942,216331,589273
2010-01-11,Weekday,983964,609826,1593790
2010-01-12,Weekday,1012053,626651,1638704
2010-01-13,Weekday,1031317,632953,1664270
2010-01-14,Weekday,1036398,641827,1678225
2010-01-15,Weekday,1043125,634202,1677327
2010-01-16,Saturday,616904,348293,965197
2010-01-17,Sunday/Holiday,437665,251971,689636
2010-01-18,Weekday,672311,416744,1089055
2010-01-19,Weekday,1083689,661331,1745020
2010-01-20,Weekday,1069450,657695,1727145
2010-01-21,Weekday,1037561,659269,1696830
2010-01-22,Weekday,1061872,642443,1704315
2010-01-23,Saturday,636107,355143,991250
2010-01-24,Sunday/Holiday,416766,239968,656734
2010-01-25,Weekday,1039778,645886,1685664
2010-01-26,Weekday,1037134,653753,1690887
2010-01-27,Weekday,1022417,648561,1670978
2010-01-28,Weekday,1002952,647250,1650202
2010-01-29,Weekday,918474,610943,1529417
2010-01-30,Saturday,636005,358140,994145
2010-01-31,Sunday/Holiday,437345,249932,687277
2010-02-01,Weekday,1091041,648428,1739469
2010-02-02,Weekday,1062988,651659,1714647
2010-02-03,Weekday,1114266,661280,1775546
2010-02-04,Weekday,1090369,666455,1756824
2010-02-05,Weekday,1047904,641303,1689207
2010-02-06,Saturday,616747,354178,970925
2010-02-07,Sunday/Holiday,417214,248644,665858
2010-02-08,Weekday,1006311,637392,1643703
2010-02-09,Weekday,913022,646792,1559814
2010-02-10,Weekday,939412,645430,1584842
2010-02-11,Weekday,921768,657486,1579254
2010-02-12,Weekday,886702,608456,1495158
2010-02-13,Saturday,641619,385945,1027564
2010-02-14,Sunday/Holiday,486887,309746,796633
2010-02-15,Weekday,722405,483572,1205977
2010-02-16,Weekday,1028597,665769,1694366
2010-02-17,Weekday,1028817,663479,1692296
2010-02-18,Weekday,1026992,673127,1700119
2010-02-19,Weekday,1030451,658459,1688910
2010-02-20,Saturday,625306,379346,1004652
2010-02-21,Sunday/Holiday,418101,256673,674774
2010-02-22,Weekday,953759,633739,1587498
2010-02-23,Weekday,1015116,659707,1674823
2010-02-24,Weekday,996077,660548,1656625
2010-02-25,Weekday,1000799,668380,1669179
2010-02-26,Weekday,999789,649111,1648900
2010-02-27,Saturday,603577,372769,976346
2010-02-28,Sunday/Holiday,418652,259369,678021
2010-03-01,Weekday,893861,606818,1500679
2010-03-02,Weekday,1032445,666762,1699207
2010-03-03,Weekday,1062280,674355,1736635
2010-03-04,Weekday,1051738,680673,1732411
2010-03-05,Weekday,1036156,664445,1700601
2010-03-06,Saturday,662470,399749,1062219
2010-03-07,Sunday/Holiday,418097,257932,676029
2010-03-08,Weekday,1013812,651269,1665081
2010-03-09,Weekday,1025242,665192,1690434
2010-03-10,Weekday,1030470,670440,1700910
2010-03-11,Weekday,994390,664881,1659271
2010-03-12,Weekday,1013971,662812,1676783
2010-03-13,Saturday,593823,443491,1037314
2010-03-14,Sunday/Holiday,428683,273849,702532
2010-03-15,Weekday,996747,648605,1645352
2010-03-16,Weekday,1036185,679563,1715748
2010-03-17,Weekday,1043518,689789,1733307
2010-03-18,Weekday,1036643,690207,1726850
2010-03-19,Weekday,1022766,663983,1686749
2010-03-20,Saturday,505581,325253,830834
2010-03-21,Sunday/Holiday,405115,271794,676909
2010-03-22,Weekday,981316,617250,1598566
2010-03-23,Weekday,1012454,638684,1651138
2010-03-24,Weekday,987466,633221,1620687
2010-03-25,Weekday,949845,629016,1578861
2010-03-26,Weekday,971169,632589,1603758
2010-03-27,Saturday,608093,373225,981318
2010-03-28,Sunday/Holiday,413535,260956,674491
2010-03-29,Weekday,852199,601592,1453791
2010-03-30,Weekday,884276,625592,1509868
2010-03-31,Weekday,901476,645780,1547256
2010-04-01,Weekday,949879,673448,1623327
2010-04-02,Weekday,881173,601009,1482182
2010-04-03,Saturday,583966,340842,924808
2010-04-04,Sunday/Holiday,400341,234963,635304
2010-04-05,Weekday,975213,657842,1633055
2010-04-06,Weekday,984899,664805,1649704
2010-04-07,Weekday,940753,666668,1607421
2010-04-08,Weekday,988825,683625,1672450
2010-04-09,Weekday,948808,679699,1628507
2010-04-10,Saturday,663179,440432,1103611
2010-04-11,Sunday/Holiday,440552,289141,729693
2010-04-12,Weekday,1008809,689027,1697836
2010-04-13,Weekday,1031798,679327,1711125
2010-04-14,Weekday,1043690,714316,1758006
2010-04-15,Weekday,1040113,728178,1768291
2010-04-16,Weekday,1005953,706984,1712937
2010-04-17,Saturday,643599,438658,1082257
2010-04-18,Sunday/Holiday,443588,309798,753386
2010-04-19,Weekday,1006105,663348,1669453
2010-04-20,Weekday,1023621,685488,1709109
2010-04-21,Weekday,1010968,682322,1693290
2010-04-22,Weekday,976688,683400,1660088
2010-04-23,Weekday,996166,671480,1667646
2010-04-24,Saturday,588835,385430,974265
2010-04-25,Sunday/Holiday,387151,264966,652117
2010-04-26,Weekday,1014665,682134,1696799
2010-04-27,Weekday,1022698,697232,1719930
2010-04-28,Weekday,981925,695381,1677306
2010-04-29,Weekday,971157,697327,1668484
2010-04-30,Weekday,1032120,707210,1739330
2010-05-01,Saturday,668743,455658,1124401
2010-05-02,Sunday/Holiday,458651,314736,773387
2010-05-03,Weekday,1051064,673932,1724996
2010-05-04,Weekday,1047595,687646,1735241
2010-05-05,Weekday,1033684,692081,1725765
2010-05-06,Weekday,1030345,690306,1720651
2010-05-07,Weekday,959307,650935,1610242
2010-05-08,Saturday,608071,379017,987088
2010-05-09,Sunday/Holiday,439376,282516,721892
2010-05-10,Weekday,982426,680635,1663061
2010-05-11,Weekday,948970,668287,1617257
2010-05-12,Weekday,987926,682843,1670769
2010-05-13,Weekday,955701,664390,1620091
2010-05-14,Weekday,1022640,708596,1731236
2010-05-15,Saturday,632980,428608,1061588
2010-05-16,Sunday/Holiday,446820,316780,763600
2010-05-17,Weekday,951092,643233,1594325
2010-05-18,Weekday,976377,669846,1646223
2010-05-19,Weekday,1009046,668811,1677857
2010-05-20,Weekday,982640,667152,1649792
2010-05-21,Weekday,949316,656659,1605975
2010-05-22,Saturday,646961,413263,1060224
2010-05-23,Sunday/Holiday,490423,322958,813381
2010-05-24,Weekday,974382,650835,1625217
2010-05-25,Weekday,1005290,690144,1695434
2010-05-26,Weekday,1004824,688396,1693220
2010-05-27,Weekday,995700,697901,1693601
2010-05-28,Weekday,994671,694492,1689163
2010-05-29,Saturday,645684,455979,1101663
2010-05-30,Sunday/Holiday,480340,367778,848118
2010-05-31,Sunday/Holiday,347857,243566,591423
2010-06-01,Weekday,1024767,669261,1694028
2010-06-02,Weekday,990049,663107,1653156
2010-06-03,Weekday,1042401,688706,1731107
2010-06-04,Weekday,1013014,679386,1692400
2010-06-05,Saturday,596776,390596,987372
2010-06-06,Sunday/Holiday,455093,308756,763849
2010-06-07,Weekday,1001595,679492,1681087
2010-06-08,Weekday,931456,652565,1584021
2010-06-09,Weekday,1032439,707821,1740260
2010-06-10,Weekday,1019373,707755,1727128
2010-06-11,Weekday,979074,845329,1824403
2010-06-12,Saturday,600914,444278,1045192
2010-06-13,Sunday/Holiday,451434,348910,800344
2010-06-14,Weekday,955902,662467,1618369
2010-06-15,Weekday,948177,686852,1635029
2010-06-16,Weekday,1003968,723671,1727639
2010-06-17,Weekday,954409,719629,1674038
2010-06-18,Weekday,940534,693973,1634507
2010-06-19,Saturday,673052,472662,1145714
2010-06-20,Sunday/Holiday,465420,301730,767150
2010-06-21,Weekday,868542,626192,1494734
2010-06-22,Weekday,916810,666558,1583368
2010-06-23,Weekday,820493,627767,1448260
2010-06-24,Weekday,931520,691266,1622786
2010-06-25,Weekday,941751,750414,1692165
2010-06-26,Saturday,646770,467943,1114713
2010-06-27,Sunday/Holiday,439815,441824,881639
2010-06-28,Weekday,911187,698735,1609922
2010-06-29,Weekday,919886,716597,1636483
2010-06-30,Weekday,939032,726101,1665133
2010-07-01,Weekday,997162,802022,1799184
2010-07-02,Weekday,948286,728895,1677181
2010-07-03,Saturday,688185,498374,1186559
2010-07-04,Sunday/Holiday,517771,431068,948839
2010-07-05,Sunday/Holiday,490386,338754,829140
2010-07-06,Weekday,906377,637312,1543689
2010-07-07,Weekday,911994,656096,1568090
2010-07-08,Weekday,913888,665000,1578888
2010-07-09,Weekday,930427,676348,1606775
2010-07-10,Saturday,625843,418254,1044097
2010-07-11,Sunday/Holiday,441707,304804,746511
2010-07-12,Weekday,916793,645066,1561859
2010-07-13,Weekday,944367,664923,1609290
2010-07-14,Weekday,938980,670046,1609026
2010-07-15,Weekday,934492,715607,1650099
2010-07-16,Weekday,928476,753901,1682377
2010-07-17,Saturday,653987,518643,1172630
2010-07-18,Sunday/Holiday,453952,378151,832103
2010-07-19,Weekday,927114,681084,1608198
2010-07-20,Weekday,938739,692212,1630951
2010-07-21,Weekday,951550,705647,1657197
2010-07-22,Weekday,927185,670399,1597584
2010-07-23,Weekday,879035,677196,1556231
2010-07-24,Saturday,571189,416540,987729
2010-07-25,Sunday/Holiday,472911,351173,824084
2010-07-26,Weekday,915404,658817,1574221
2010-07-27,Weekday,935330,670382,1605712
2010-07-28,Weekday,908070,667607,1575677
2010-07-29,Weekday,933636,684987,1618623
2010-07-30,Weekday,943778,683141,1626919
2010-07-31,Saturday,657365,450680,1108045
2010-08-01,Sunday/Holiday,491220,348968,840188
2010-08-02,Weekday,913649,660658,1574307
2010-08-03,Weekday,927125,668186,1595311
2010-08-04,Weekday,880047,663305,1543352
2010-08-05,Weekday,949218,698256,1647474
2010-08-06,Weekday,947220,791899,1739119
2010-08-07,Saturday,668567,551140,1219707
2010-08-08,Sunday/Holiday,464239,415228,879467
2010-08-09,Weekday,902342,647949,1550291
2010-08-10,Weekday,909752,662126,1571878
2010-08-11,Weekday,902498,661211,1563709
2010-08-12,Weekday,908352,666665,1575017
2010-08-13,Weekday,918501,665794,1584295
2010-08-14,Saturday,688021,460503,1148524
2010-08-15,Sunday/Holiday,507105,359893,866998
2010-08-16,Weekday,907011,648950,1555961
2010-08-17,Weekday,909673,659235,1568908
2010-08-18,Weekday,935381,676787,1612168
2010-08-19,Weekday,940943,688195,1629138
2010-08-20,Weekday,928525,688864,1617389
2010-08-21,Saturday,662928,462355,1125283
2010-08-22,Sunday/Holiday,470110,336654,806764
2010-08-23,Weekday,941694,650532,1592226
2010-08-24,Weekday,962622,674401,1637023
2010-08-25,Weekday,973800,689560,1663360
2010-08-26,Weekday,978212,694660,1672872
2010-08-27,Weekday,991691,700296,1691987
2010-08-28,Saturday,678949,458504,1137453
2010-08-29,Sunday/Holiday,471725,334378,806103
2010-08-30,Weekday,960273,673150,1633423
2010-08-31,Weekday,980388,693348,1673736
2010-09-01,Weekday,1014776,696657,1711433
2010-09-02,Weekday,964759,679832,1644591
2010-09-03,Weekday,996297,721206,1717503
2010-09-04,Saturday,671418,475332,1146750
2010-09-05,Sunday/Holiday,497194,399389,896583
2010-09-06,Sunday/Holiday,453040,319536,772576
2010-09-07,Weekday,1067665,723135,1790800
2010-09-08,Weekday,1078904,744212,1823116
2010-09-09,Weekday,1053439,729328,1782767
2010-09-10,Weekday,1067844,740993,1808837
2010-09-11,Saturday,620475,438303,1058778
2010-09-12,Sunday/Holiday,478785,343875,822660
2010-09-13,Weekday,1064113,722939,1787052
2010-09-14,Weekday,1073013,743702,1816715
2010-09-15,Weekday,1077313,757144,1834457
2010-09-16,Weekday,1030218,751525,1781743
2010-09-17,Weekday,1070710,777601,1848311
2010-09-18,Saturday,602888,457774,1060662
2010-09-19,Sunday/Holiday,463244,335858,799102
2010-09-20,Weekday,1040338,712870,1753208
2010-09-21,Weekday,1068204,750363,1818567
2010-09-22,Weekday,1038052,751724,1789776
2010-09-23,Weekday,1067715,767134,1834849
2010-09-24,Weekday,966185,750033,1716218
2010-09-25,Saturday,647044,486430,1133474
2010-09-26,Sunday/Holiday,439578,331103,770681
2010-09-27,Weekday,1030264,725559,1755823
2010-09-28,Weekday,1049114,732828,1781942
2010-09-29,Weekday,1044807,734953,1779760
2010-09-30,Weekday,1040445,748851,1789296
2010-10-01,Weekday,1095244,742857,1838101
2010-10-02,Saturday,620784,423372,1044156
2010-10-03,Sunday/Holiday,451850,307659,759509
2010-10-04,Weekday,1049060,710406,1759466
2010-10-05,Weekday,1062843,726247,1789090
2010-10-06,Weekday,1057375,730113,1787488
2010-10-07,Weekday,1048120,753345,1801465
2010-10-08,Weekday,1060557,753053,1813610
2010-10-09,Saturday,683056,503343,1186399
2010-10-10,Sunday/Holiday,453193,489078,942271
2010-10-11,Weekday,824834,627449,1452283
2010-10-12,Weekday,1068010,736048,1804058
2010-10-13,Weekday,1024910,726372,1751282
2010-10-14,Weekday,1060257,750943,1811200
2010-10-15,Weekday,1067602,753653,1821255
2010-10-16,Saturday,674323,477876,1152199
2010-10-17,Sunday/Holiday,470817,337407,808224
2010-10-18,Weekday,1038903,717627,1756530
2010-10-19,Weekday,1057820,729779,1787599
2010-10-20,Weekday,1061125,733950,1795075
2010-10-21,Weekday,1053153,747116,1800269
2010-10-22,Weekday,987323,727707,1715030
2010-10-23,Saturday,624770,451848,1076618
2010-10-24,Sunday/Holiday,443462,319622,763084
2010-10-25,Weekday,1030602,710784,1741386
2010-10-26,Weekday,948119,691241,1639360
2010-10-27,Weekday,1051715,739161,1790876
2010-10-28,Weekday,1023047,735281,1758328
2010-10-29,Weekday,1027443,725760,1753203
2010-10-30,Saturday,653147,447410,1100557
2010-10-31,Sunday/Holiday,451532,321535,773067
2010-11-01,Weekday,1050239,702890,1753129
2010-11-02,Weekday,1053066,711219,1764285
2010-11-03,Weekday,1067432,725866,1793298
2010-11-04,Weekday,1036639,731024,1767663
2010-11-05,Weekday,1034503,723652,1758155
2010-11-06,Saturday,641520,455652,1097172
2010-11-07,Sunday/Holiday,453831,305880,759711
2010-11-08,Weekday,1046515,709569,1756084
2010-11-09,Weekday,1058688,721276,1779964
2010-11-10,Weekday,1065459,729087,1794546
2010-11-11,Weekday,882944,660145,1543089
2010-11-12,Weekday,951645,714781,1666426
2010-11-13,Saturday,600900,436971,1037871
2010-11-14,Sunday/Holiday,483592,306831,790423
2010-11-15,Weekday,1013081,704470,1717551
2010-11-16,Weekday,1041704,720439,1762143
2010-11-17,Weekday,1033004,717114,1750118
2010-11-18,Weekday,984043,712787,1696830
2010-11-19,Weekday,1038686,715507,1754193
2010-11-20,Saturday,640618,545276,1185894
2010-11-21,Sunday/Holiday,437682,295297,732979
2010-11-22,Weekday,957125,667375,1624500
2010-11-23,Weekday,1006493,698730,1705223
2010-11-24,Weekday,898974,621938,1520912
2010-11-25,Sunday/Holiday,312756,195258,508014
2010-11-26,Weekday,557867,369071,926938
2010-11-27,Saturday,517892,340136,858028
2010-11-28,Sunday/Holiday,401514,271093,672607
2010-11-29,Weekday,974393,658026,1632419
2010-11-30,Weekday,970873,672281,1643154
2010-12-01,Weekday,999878,678039,1677917
2010-12-02,Weekday,1008349,688764,1697113
2010-12-03,Weekday,985527,691211,1676738
2010-12-04,Saturday,586500,407739,994239
2010-12-05,Sunday/Holiday,406680,277309,683989
2010-12-06,Weekday,944575,641755,1586330
2010-12-07,Weekday,954467,652015,1606482
2010-12-08,Weekday,968593,662398,1630991
2010-12-09,Weekday,957337,667827,1625164
2010-12-10,Weekday,986800,682824,1669624
2010-12-11,Saturday,573203,388409,961612
2010-12-12,Sunday/Holiday,330377,249350,579727
2010-12-13,Weekday,829736,598167,1427903
2010-12-14,Weekday,888812,623467,1512279
2010-12-15,Weekday,922552,640490,1563042
2010-12-16,Weekday,919713,644539,1564252
2010-12-17,Weekday,932601,642967,1575568
2010-12-18,Saturday,570331,370965,941296
2010-12-19,Sunday/Holiday,404153,269162,673315
2010-12-20,Weekday,791684,573110,1364794
2010-12-21,Weekday,786351,574097,1360448
2010-12-22,Weekday,786757,558711,1345468
2010-12-23,Weekday,740052,489295,1229347
2010-12-24,Weekday,513353,261461,774814
2010-12-25,Sunday/Holiday,233266,128261,361527
2010-12-26,Sunday/Holiday,346331,215163,561494
2010-12-27,Weekday,673638,435925,1109563
2010-12-28,Weekday,717933,490978,1208911
2010-12-29,Weekday,731000,513271,1244271
2010-12-30,Weekday,754297,524961,1279258
2010-12-31,Weekday,609114,391713,1000827
2011-01-01,Sunday/Holiday,342872,239754,582626
2011-01-02,Sunday/Holiday,364165,225886,590051
2011-01-03,Weekday,925770,581035,1506805
2011-01-04,Weekday,946232,621057,1567289
2011-01-05,Weekday,950712,624027,1574739
2011-01-06,Weekday,939518,625246,1564764
2011-01-07,Weekday,927173,622084,1549257
2011-01-08,Saturday,540394,333951,874345
2011-01-09,Sunday/Holiday,380762,237361,618123
2011-01-10,Weekday,966448,639852,1606300
2011-01-11,Weekday,923590,654856,1578446
2011-01-12,Weekday,960115,657426,1617541
2011-01-13,Weekday,969691,661269,1630960
2011-01-14,Weekday,983953,656551,1640504
2011-01-15,Saturday,567710,355580,923290
2011-01-16,Sunday/Holiday,386280,260631,646911
2011-01-17,Weekday,613773,422788,1036561
2011-01-18,Weekday,991055,678327,1669382
2011-01-19,Weekday,1006033,679355,1685388
2011-01-20,Weekday,975376,674347,1649723
2011-01-21,Weekday,853208,598356,1451564
2011-01-22,Saturday,522699,330666,853365
2011-01-23,Sunday/Holiday,375396,253697,629093
2011-01-24,Weekday,972155,654573,1626728
2011-01-25,Weekday,1006376,680037,1686413
2011-01-26,Weekday,1014944,681652,1696596
2011-01-27,Weekday,994412,685346,1679758
2011-01-28,Weekday,930518,655861,1586379
2011-01-29,Saturday,617408,381200,998608
2011-01-30,Sunday/Holiday,406547,254689,661236
2011-01-31,Weekday,1001892,670399,1672291
2011-02-01,Weekday,814985,640223,1455208
2011-02-02,Weekday,219234,209287,428521
2011-02-03,Weekday,732420,580480,1312900
2011-02-04,Weekday,933210,715546,1648756
2011-02-05,Saturday,615765,400440,1016205
2011-02-06,Sunday/Holiday,402275,273038,675313
2011-02-07,Weekday,996782,693321,1690103
2011-02-08,Weekday,986388,697441,1683829
2011-02-09,Weekday,941631,676705,1618336
2011-02-10,Weekday,940692,676869,1617561
2011-02-11,Weekday,965062,659696,1624758
2011-02-12,Saturday,663253,415060,1078313
2011-02-13,Sunday/Holiday,474048,303381,777429
2011-02-14,Weekday,1064293,708790,1773083
2011-02-15,Weekday,1041367,702586,1743953
2011-02-16,Weekday,1050045,709634,1759679
2011-02-17,Weekday,1046143,719471,1765614
2011-02-18,Weekday,1053474,710682,1764156
2011-02-19,Saturday,675487,431010,1106497
2011-02-20,Sunday/Holiday,385554,261695,647249
2011-02-21,Weekday,706507,504444,1210951
2011-02-22,Weekday,1004067,692661,1696728
2011-02-23,Weekday,1026312,701009,1727321
2011-02-24,Weekday,1030542,708692,1739234
2011-02-25,Weekday,1015416,691267,1706683
2011-02-26,Saturday,601634,393242,994876
2011-02-27,Sunday/Holiday,419643,278593,698236
2011-02-28,Weekday,1007930,681614,1689544
2011-03-01,Weekday,1064543,709683,1774226
2011-03-02,Weekday,1038790,702291,1741081
2011-03-03,Weekday,1057767,709973,1767740
2011-03-04,Weekday,1019568,681216,1700784
2011-03-05,Saturday,581121,375814,956935
2011-03-06,Sunday/Holiday,428668,275314,703982
2011-03-07,Weekday,889994,640899,1530893
2011-03-08,Weekday,1054432,710380,1764812
2011-03-09,Weekday,1014632,697366,1711998
2011-03-10,Weekday,1019921,707389,1727310
2011-03-11,Weekday,1047012,708603,1755615
2011-03-12,Saturday,630826,500559,1131385
2011-03-13,Sunday/Holiday,429046,284406,713452
2011-03-14,Weekday,1019671,686277,1705948
2011-03-15,Weekday,1025714,699145,1724859
2011-03-16,Weekday,1057440,725095,1782535
2011-03-17,Weekday,1039329,730561,1769890
2011-03-18,Weekday,1028193,706274,1734467
2011-03-19,Saturday,661882,426128,1088010
2011-03-20,Sunday/Holiday,397653,263022,660675
2011-03-21,Weekday,1009091,661503,1670594
2011-03-22,Weekday,964687,653024,1617711
2011-03-23,Weekday,1000324,667467,1667791
2011-03-24,Weekday,984660,671765,1656425
2011-03-25,Weekday,995334,661865,1657199
2011-03-26,Saturday,603928,387317,991245
2011-03-27,Sunday/Holiday,421290,276610,697900
2011-03-28,Weekday,1005055,674351,1679406
2011-03-29,Weekday,1018975,688681,1707656
2011-03-30,Weekday,1022399,692860,1715259
2011-03-31,Weekday,958648,709483,1668131
2011-04-01,Weekday,960123,712981,1673104
2011-04-02,Saturday,688873,457067,1145940
2011-04-03,Sunday/Holiday,450017,305328,755345
2011-04-04,Weekday,1021955,695709,1717664
2011-04-05,Weekday,1063835,723943,1787778
2011-04-06,Weekday,1032831,725191,1758022
2011-04-07,Weekday,982880,719890,1702770
2011-04-08,Weekday,1006956,701186,1708142
2011-04-09,Saturday,675312,462038,1137350
2011-04-10,Sunday/Holiday,483207,359065,842272
2011-04-11,Weekday,999639,696423,1696062
2011-04-12,Weekday,1036334,717458,1753792
2011-04-13,Weekday,1040300,721206,1761506
2011-04-14,Weekday,1016435,720731,1737166
2011-04-15,Weekday,966032,691935,1657967
2011-04-16,Saturday,587114,398192,985306
2011-04-17,Sunday/Holiday,452131,306186,758317
2011-04-18,Weekday,861574,655013,1516587
2011-04-19,Weekday,862770,627085,1489855
2011-04-20,Weekday,895201,684367,1579568
2011-04-21,Weekday,919676,685284,1604960
2011-04-22,Weekday,767236,583531,1350767
2011-04-23,Saturday,644228,421767,1065995
2011-04-24,Sunday/Holiday,415484,274724,690208
2011-04-25,Weekday,970581,685301,1655882
2011-04-26,Weekday,1009393,717303,1726696
2011-04-27,Weekday,960037,712176,1672213
2011-04-28,Weekday,972352,710559,1682911
2011-04-29,Weekday,1083692,738332,1822024
2011-04-30,Saturday,677693,452569,1130262
2011-05-01,Sunday/Holiday,474621,320956,795577
2011-05-02,Weekday,1040468,694159,1734627
2011-05-03,Weekday,1063059,708526,1771585
2011-05-04,Weekday,1068494,718706,1787200
2011-05-05,Weekday,1045556,720006,1765562
2011-05-06,Weekday,1054724,732966,1787690
2011-05-07,Saturday,642855,443268,1086123
2011-05-08,Sunday/Holiday,474170,325850,800020
2011-05-09,Weekday,996746,680206,1676952
2011-05-10,Weekday,1050936,734088,1785024
2011-05-11,Weekday,1022323,724069,1746392
2011-05-12,Weekday,1026861,739195,1766056
2011-05-13,Weekday,1005681,728981,1734662
2011-05-14,Saturday,574990,412250,987240
2011-05-15,Sunday/Holiday,386219,279473,665692
2011-05-16,Weekday,1002206,683002,1685208
2011-05-17,Weekday,1012424,694950,1707374
2011-05-18,Weekday,996766,688457,1685223
2011-05-19,Weekday,1014161,705964,1720125
2011-05-20,Weekday,1027404,710957,1738361
2011-05-21,Saturday,625518,421143,1046661
2011-05-22,Sunday/Holiday,460481,321421,781902
2011-05-23,Weekday,997460,682656,1680116
2011-05-24,Weekday,1019381,719974,1739355
2011-05-25,Weekday,932486,676081,1608567
2011-05-26,Weekday,954623,693660,1648283
2011-05-27,Weekday,1005068,695755,1700823
2011-05-28,Saturday,586663,420778,1007441
2011-05-29,Sunday/Holiday,392008,306407,698415
2011-05-30,Sunday/Holiday,512702,387955,900657
2011-05-31,Weekday,976956,683927,1660883
2011-06-01,Weekday,1077060,728801,1805861
2011-06-02,Weekday,1037191,707569,1744760
2011-06-03,Weekday,1084952,753705,1838657
2011-06-04,Saturday,660496,465907,1126403
2011-06-05,Sunday/Holiday,498740,355072,853812
2011-06-06,Weekday,1026379,723353,1749732
2011-06-07,Weekday,1023477,727689,1751166
2011-06-08,Weekday,1027909,731488,1759397
2011-06-09,Weekday,925826,677601,1603427
2011-06-10,Weekday,991111,699233,1690344
2011-06-11,Saturday,639456,452885,1092341
2011-06-12,Sunday/Holiday,492490,388957,881447
2011-06-13,Weekday,1005818,726932,1732750
2011-06-14,Weekday,1009778,739810,1749588
2011-06-15,Weekday,927263,708511,1635774
2011-06-16,Weekday,960885,741999,1702884
2011-06-17,Weekday,1038570,787772,1826342
2011-06-18,Saturday,668147,502500,1170647
2011-06-19,Sunday/Holiday,479157,352290,831447
2011-06-20,Weekday,863375,666828,1530203
2011-06-21,Weekday,928457,698702,1627159
2011-06-22,Weekday,906400,695241,1601641
2011-06-23,Weekday,918605,692002,1610607
2011-06-24,Weekday,923487,714821,1638308
2011-06-25,Saturday,672716,511370,1184086
2011-06-26,Sunday/Holiday,513140,561689,1074829
2011-06-27,Weekday,915375,702396,1617771
2011-06-28,Weekday,974240,768178,1742418
2011-06-29,Weekday,966399,754551,1720950
2011-06-30,Weekday,947943,753565,1701508
2011-07-01,Weekday,940403,723107,1663510
2011-07-02,Saturday,701711,514859,1216570
2011-07-03,Sunday/Holiday,546895,441925,988820
2011-07-04,Sunday/Holiday,502623,375468,878091
2011-07-05,Weekday,944119,684091,1628210
2011-07-06,Weekday,961177,711577,1672754
2011-07-07,Weekday,960396,717952,1678348
2011-07-08,Weekday,973648,738968,1712616
2011-07-09,Saturday,688403,487196,1175599
2011-07-10,Sunday/Holiday,487215,355799,843014
2011-07-11,Weekday,899672,654659,1554331
2011-07-12,Weekday,953976,695840,1649816
2011-07-13,Weekday,968000,712673,1680673
2011-07-14,Weekday,963077,746693,1709770
2011-07-15,Weekday,960761,767058,1727819
2011-07-16,Saturday,671209,512671,1183880
2011-07-17,Sunday/Holiday,487492,390269,877761
2011-07-18,Weekday,912074,708169,1620243
2011-07-19,Weekday,938830,721231,1660061
2011-07-20,Weekday,908375,711617,1619992
2011-07-21,Weekday,901635,693073,1594708
2011-07-22,Weekday,890894,700452,1591346
2011-07-23,Saturday,641738,478455,1120193
2011-07-24,Sunday/Holiday,440442,346005,786447
2011-07-25,Weekday,932136,698802,1630938
2011-07-26,Weekday,958271,708596,1666867
2011-07-27,Weekday,926794,697817,1624611
2011-07-28,Weekday,916275,689617,1605892
2011-07-29,Weekday,942044,711542,1653586
2011-07-30,Saturday,677527,472828,1150355
2011-07-31,Sunday/Holiday,491214,372586,863800
2011-08-01,Weekday,951492,707492,1658984
2011-08-02,Weekday,921043,682755,1603798
2011-08-03,Weekday,984399,715612,1700011
2011-08-04,Weekday,953514,745527,1699041
2011-08-05,Weekday,968013,822093,1790106
2011-08-06,Saturday,682517,569511,1252028
2011-08-07,Sunday/Holiday,479588,426721,906309
2011-08-08,Weekday,912362,692657,1605019
2011-08-09,Weekday,958406,713624,1672030
2011-08-10,Weekday,963575,720504,1684079
2011-08-11,Weekday,957398,709254,1666652
2011-08-12,Weekday,955597,709694,1665291
2011-08-13,Saturday,627401,457851,1085252
2011-08-14,Sunday/Holiday,470358,358606,828964
2011-08-15,Weekday,936932,668224,1605156
2011-08-16,Weekday,945179,688071,1633250
2011-08-17,Weekday,943997,692781,1636778
2011-08-18,Weekday,951134,707426,1658560
2011-08-19,Weekday,981727,751679,1733406
2011-08-20,Saturday,622722,472815,1095537
2011-08-21,Sunday/Holiday,536280,420416,956696
2011-08-22,Weekday,968715,704225,1672940
2011-08-23,Weekday,914499,688649,1603148
2011-08-24,Weekday,999361,728732,1728093
2011-08-25,Weekday,1003797,744805,1748602
2011-08-26,Weekday,997931,710247,1708178
2011-08-27,Saturday,691082,463528,1154610
2011-08-28,Sunday/Holiday,488275,339049,827324
2011-08-29,Weekday,988033,712733,1700766
2011-08-30,Weekday,991793,719656,1711449
2011-08-31,Weekday,1011858,728047,1739905
2011-09-01,Weekday,1047270,739620,1786890
2011-09-02,Weekday,1001837,741985,1743822
2011-09-03,Saturday,655947,472827,1128774
2011-09-04,Sunday/Holiday,529593,432441,962034
2011-09-05,Sunday/Holiday,471000,356948,827948
2011-09-06,Weekday,1116811,746632,1863443
2011-09-07,Weekday,1079256,773670,1852926
2011-09-08,Weekday,1058730,770455,1829185
2011-09-09,Weekday,1049654,754824,1804478
2011-09-10,Saturday,665138,486616,1151754
2011-09-11,Sunday/Holiday,483138,356915,840053
2011-09-12,Weekday,1077578,756209,1833787
2011-09-13,Weekday,1101495,775124,1876619
2011-09-14,Weekday,1068594,768114,1836708
2011-09-15,Weekday,1078395,780369,1858764
2011-09-16,Weekday,1061833,774553,1836386
2011-09-17,Saturday,684347,511704,1196051
2011-09-18,Sunday/Holiday,433064,328422,761486
2011-09-19,Weekday,1056731,758422,1815153
2011-09-20,Weekday,1094671,787667,1882338
2011-09-21,Weekday,1090762,780222,1870984
2011-09-22,Weekday,1076129,770485,1846614
2011-09-23,Weekday,1013491,751348,1764839
2011-09-24,Saturday,655360,466534,1121894
2011-09-25,Sunday/Holiday,448547,333394,781941
2011-09-26,Weekday,1028362,733053,1761415
2011-09-27,Weekday,1059305,751659,1810964
2011-09-28,Weekday,1053206,759071,1812277
2011-09-29,Weekday,1051634,753753,1805387
2011-09-30,Weekday,1066348,757321,1823669
2011-10-01,Saturday,701783,480889,1182672
2011-10-02,Sunday/Holiday,486409,344520,830929
2011-10-03,Weekday,1091676,751034,1842710
2011-10-04,Weekday,1090878,767029,1857907
2011-10-05,Weekday,1083300,774142,1857442
2011-10-06,Weekday,1076741,783363,1860104
2011-10-07,Weekday,1074577,783590,1858167
2011-10-08,Saturday,692368,523113,1215481
2011-10-09,Sunday/Holiday,463310,519453,982763
2011-10-10,Weekday,857528,669173,1526701
2011-10-11,Weekday,1073195,770542,1843737
2011-10-12,Weekday,1068602,776561,1845163
2011-10-13,Weekday,1011085,773498,1784583
2011-10-14,Weekday,1058024,783903,1841927
2011-10-15,Saturday,686909,508391,1195300
2011-10-16,Sunday/Holiday,457725,351070,808795
2011-10-17,Weekday,1060560,752887,1813447
2011-10-18,Weekday,1054603,759917,1814520
2011-10-19,Weekday,987878,738984,1726862
2011-10-20,Weekday,1019401,763556,1782957
2011-10-21,Weekday,1072848,782981,1855829
2011-10-22,Saturday,678136,497703,1175839
2011-10-23,Sunday/Holiday,476507,341626,818133
2011-10-24,Weekday,1054251,747402,1801653
2011-10-25,Weekday,1066867,757975,1824842
2011-10-26,Weekday,1055199,756804,1812003
2011-10-27,Weekday,1061301,771358,1832659
2011-10-28,Weekday,993735,758294,1752029
2011-10-29,Saturday,665331,469295,1134626
2011-10-30,Sunday/Holiday,433281,318565,751846
2011-10-31,Weekday,1027078,734500,1761578
2011-11-01,Weekday,1098741,762893,1861634
2011-11-02,Weekday,1077675,764539,1842214
2011-11-03,Weekday,1011408,755888,1767296
2011-11-04,Weekday,1093806,785515,1879321
2011-11-05,Saturday,686104,513654,1199758
2011-11-06,Sunday/Holiday,477456,331327,808783
2011-11-07,Weekday,1061041,749043,1810084
2011-11-08,Weekday,1008764,742973,1751737
2011-11-09,Weekday,1036190,759696,1795886
2011-11-10,Weekday,970822,755282,1726104
2011-11-11,Weekday,879535,681237,1560772
2011-11-12,Saturday,660488,474088,1134576
2011-11-13,Sunday/Holiday,463513,338816,802329
2011-11-14,Weekday,1047638,741813,1789451
2011-11-15,Weekday,1079072,770828,1849900
2011-11-16,Weekday,1043071,758159,1801230
2011-11-17,Weekday,998699,752834,1751533
2011-11-18,Weekday,965671,743405,1709076
2011-11-19,Saturday,657115,530802,1187917
2011-11-20,Sunday/Holiday,456466,328721,785187
2011-11-21,Weekday,1039312,726360,1765672
2011-11-22,Weekday,986650,714844,1701494
2011-11-23,Weekday,992006,680837,1672843
2011-11-24,Sunday/Holiday,340929,235194,576123
2011-11-25,Weekday,652271,435428,1087699
2011-11-26,Saturday,588157,348525,936682
2011-11-27,Sunday/Holiday,397179,274323,671502
2011-11-28,Weekday,1016597,703558,1720155
2011-11-29,Weekday,991030,708638,1699668
2011-11-30,Weekday,1043354,730140,1773494
2011-12-01,Weekday,1089263,747269,1836532
2011-12-02,Weekday,1095431,757734,1853165
2011-12-03,Saturday,662075,461349,1123424
2011-12-04,Sunday/Holiday,454576,327051,781627
2011-12-05,Weekday,1051712,698735,1750447
2011-12-06,Weekday,1035064,712288,1747352
2011-12-07,Weekday,1032787,718567,1751354
2011-12-08,Weekday,1023297,721739,1745036
2011-12-09,Weekday,1006182,726618,1732800
2011-12-10,Saturday,604502,435343,1039845
2011-12-11,Sunday/Holiday,442689,306703,749392
2011-12-12,Weekday,988026,673314,1661340
2011-12-13,Weekday,1002723,691649,1694372
2011-12-14,Weekday,939524,675577,1615101
2011-12-15,Weekday,994244,701181,1695425
2011-12-16,Weekday,1006755,703365,1710120
2011-12-17,Saturday,615724,436091,1051815
2011-12-18,Sunday/Holiday,455044,325822,780866
2011-12-19,Weekday,965235,657231,1622466
2011-12-20,Weekday,951363,656796,1608159
2011-12-21,Weekday,948139,649395,1597534
2011-12-22,Weekday,901280,615248,1516528
2011-12-23,Weekday,855427,539186,1394613
2011-12-24,Saturday,509237,262788,772025
2011-12-25,Sunday/Holiday,273257,144879,418136
2011-12-26,Sunday/Holiday,463630,297972,761602
2011-12-27,Weekday,721508,498735,1220243
2011-12-28,Weekday,747970,535232,1283202
2011-12-29,Weekday,767769,553630,1321399
2011-12-30,Weekday,762618,528085,1290703
2011-12-31,Saturday,583259,408205,991464
2012-01-01,Sunday/Holiday,338458,277156,615614
2012-01-02,Sunday/Holiday,427028,300131,727159
2012-01-03,Weekday,810076,600940,1411016
2012-01-04,Weekday,839010,626372,1465382
2012-01-05,Weekday,841665,652474,1494139
2012-01-06,Weekday,870446,666379,1536825
2012-01-07,Saturday,583725,390564,974289
2012-01-08,Sunday/Holiday,411272,275439,686711
2012-01-09,Weekday,968136,683105,1651241
2012-01-10,Weekday,1019667,698468,1718135
2012-01-11,Weekday,1036505,709539,1746044
2012-01-12,Weekday,950402,715474,1665876
2012-01-13,Weekday,940512,692943,1633455
2012-01-14,Saturday,557653,377455,935108
2012-01-15,Sunday/Holiday,402980,276691,679671
2012-01-16,Weekday,639506,459803,1099309
2012-01-17,Weekday,1016429,725950,1742379
2012-01-18,Weekday,1017072,722473,1739545
2012-01-19,Weekday,983178,711259,1694437
2012-01-20,Weekday,826497,746064,1572561
2012-01-21,Saturday,552163,394407,946570
2012-01-22,Sunday/Holiday,392633,273772,666405
2012-01-23,Weekday,1010116,710762,1720878
2012-01-24,Weekday,1050018,732063,1782081
2012-01-25,Weekday,1051823,734192,1786015
2012-01-26,Weekday,1052929,739012,1791941
2012-01-27,Weekday,968530,720988,1689518
2012-01-28,Saturday,621329,419586,1040915
2012-01-29,Sunday/Holiday,416383,293146,709529
2012-01-30,Weekday,1023037,704317,1727354
2012-01-31,Weekday,1059681,731360,1791041
2012-02-01,Weekday,1111421,736252,1847673
2012-02-02,Weekday,1081236,739698,1820934
2012-02-03,Weekday,1014951,714336,1729287
2012-02-04,Saturday,661534,418503,1080037
2012-02-05,Sunday/Holiday,462359,289438,751797
2012-02-06,Weekday,1038157,699926,1738083
2012-02-07,Weekday,1040979,721937,1762916
2012-02-08,Weekday,1069324,738273,1807597
2012-02-09,Weekday,1065885,741959,1807844
2012-02-10,Weekday,982329,715473,1697802
2012-02-11,Saturday,591333,399462,990795
2012-02-12,Sunday/Holiday,429977,285739,715716
2012-02-13,Weekday,882797,653118,1535915
2012-02-14,Weekday,1077348,738384,1815732
2012-02-15,Weekday,1051929,726359,1778288
2012-02-16,Weekday,1058911,736170,1795081
2012-02-17,Weekday,1058544,731415,1789959
2012-02-18,Saturday,666760,454131,1120891
2012-02-19,Sunday/Holiday,475445,322414,797859
2012-02-20,Weekday,761004,543889,1304893
2012-02-21,Weekday,1036038,726162,1762200
2012-02-22,Weekday,1052160,732150,1784310
2012-02-23,Weekday,1033787,734839,1768626
2012-02-24,Weekday,989267,712507,1701774
2012-02-25,Saturday,630649,417134,1047783
2012-02-26,Sunday/Holiday,448512,298409,746921
2012-02-27,Weekday,1023956,703435,1727391
2012-02-28,Weekday,1039341,720589,1759930
2012-02-29,Weekday,1055847,736007,1791854
2012-03-01,Weekday,1075076,739664,1814740
2012-03-02,Weekday,1031215,705878,1737093
2012-03-03,Saturday,624519,416704,1041223
2012-03-04,Sunday/Holiday,441120,292334,733454
2012-03-05,Weekday,913762,651903,1565665
2012-03-06,Weekday,1084176,744478,1828654
2012-03-07,Weekday,1060619,736849,1797468
2012-03-08,Weekday,1049305,735123,1784428
2012-03-09,Weekday,1037776,718371,1756147
2012-03-10,Saturday,681263,444574,1125837
2012-03-11,Sunday/Holiday,482075,316828,798903
2012-03-12,Weekday,1015965,715585,1731550
2012-03-13,Weekday,1071861,744918,1816779
2012-03-14,Weekday,1087551,762671,1850222
2012-03-15,Weekday,1061219,763525,1824744
2012-03-16,Weekday,1044828,774035,1818863
2012-03-17,Saturday,755574,708351,1463925
2012-03-18,Sunday/Holiday,504213,359041,863254
2012-03-19,Weekday,1015401,707467,1722868
2012-03-20,Weekday,1043797,718050,1761847
2012-03-21,Weekday,1050000,723631,1773631
2012-03-22,Weekday,1016361,717170,1733531
2012-03-23,Weekday,945472,685518,1630990
2012-03-24,Saturday,641412,430070,1071482
2012-03-25,Sunday/Holiday,470355,355696,826051
2012-03-26,Weekday,996549,700972,1697521
2012-03-27,Weekday,1024173,723040,1747213
2012-03-28,Weekday,1029545,735639,1765184
2012-03-29,Weekday,1013994,734424,1748418
2012-03-30,Weekday,1001257,709407,1710664
2012-03-31,Saturday,646169,440893,1087062
2012-04-01,Sunday/Holiday,477703,321629,799332
2012-04-02,Weekday,935073,696533,1631606
2012-04-03,Weekday,972756,720709,1693465
2012-04-04,Weekday,954947,724726,1679673
2012-04-05,Weekday,933666,750000,1683666
2012-04-06,Weekday,861696,642047,1503743
2012-04-07,Saturday,637466,434835,1072301
2012-04-08,Sunday/Holiday,429398,289618,719016
2012-04-09,Weekday,1010279,727154,1737433
2012-04-10,Weekday,1038779,751834,1790613
2012-04-11,Weekday,1053786,760911,1814697
2012-04-12,Weekday,1050150,775089,1825239
2012-04-13,Weekday,958166,741802,1699968
2012-04-14,Saturday,644498,470545,1115043
2012-04-15,Sunday/Holiday,443006,320025,763031
2012-04-16,Weekday,996333,713598,1709931
2012-04-17,Weekday,1056910,744763,1801673
2012-04-18,Weekday,1031225,736936,1768161
2012-04-19,Weekday,989282,743350,1732632
2012-04-20,Weekday,994547,737187,1731734
2012-04-21,Saturday,656064,471715,1127779
2012-04-22,Sunday/Holiday,448386,333024,781410
2012-04-23,Weekday,1031544,739667,1771211
2012-04-24,Weekday,1003275,750511,1753786
2012-04-25,Weekday,978891,740777,1719668
2012-04-26,Weekday,1044469,760338,1804807
2012-04-27,Weekday,1026691,745495,1772186
2012-04-28,Saturday,592513,425418,1017931
2012-04-29,Sunday/Holiday,445246,322436,767682
2012-04-30,Weekday,977200,703630,1680830
2012-05-01,Weekday,1073425,743154,1816579
2012-05-02,Weekday,1060720,754536,1815256
2012-05-03,Weekday,1086032,766616,1852648
2012-05-04,Weekday,1054307,778105,1832412
2012-05-05,Saturday,666613,497814,1164427
2012-05-06,Sunday/Holiday,434634,343213,777847
2012-05-07,Weekday,1000335,731509,1731844
2012-05-08,Weekday,1062602,762274,1824876
2012-05-09,Weekday,1041744,752170,1793914
2012-05-10,Weekday,1036368,743841,1780209
2012-05-11,Weekday,1042715,745296,1788011
2012-05-12,Saturday,610945,427440,1038385
2012-05-13,Sunday/Holiday,455430,321345,776775
2012-05-14,Weekday,983231,700274,1683505
2012-05-15,Weekday,1023348,720962,1744310
2012-05-16,Weekday,1013654,734234,1747888
2012-05-17,Weekday,1014361,746681,1761042
2012-05-18,Weekday,980261,694037,1674298
2012-05-19,Saturday,646682,465776,1112458
2012-05-20,Sunday/Holiday,445099,374706,819805
2012-05-21,Weekday,884516,568256,1452772
2012-05-22,Weekday,1014156,721698,1735854
2012-05-23,Weekday,1019498,738794,1758292
2012-05-24,Weekday,1016089,756023,1772112
2012-05-25,Weekday,1005567,736144,1741711
2012-05-26,Saturday,636093,469284,1105377
2012-05-27,Sunday/Holiday,502724,392936,895660
2012-05-28,Sunday/Holiday,463763,362808,826571
2012-05-29,Weekday,1012629,719096,1731725
2012-05-30,Weekday,1001845,742834,1744679
2012-05-31,Weekday,910804,714511,1625315
2012-06-01,Weekday,1034827,750848,1785675
2012-06-02,Saturday,698536,489792,1188328
2012-06-03,Sunday/Holiday,512841,354121,866962
2012-06-04,Weekday,1035294,726053,1761347
2012-06-05,Weekday,1048003,749888,1797891
2012-06-06,Weekday,1033815,753512,1787327
2012-06-07,Weekday,1031503,768929,1800432
2012-06-08,Weekday,1023786,802823,1826609
2012-06-09,Saturday,704117,569867,1273984
2012-06-10,Sunday/Holiday,509071,404744,913815
2012-06-11,Weekday,985578,726731,1712309
2012-06-12,Weekday,1003612,772974,1776586
2012-06-13,Weekday,986995,778465,1765460
2012-06-14,Weekday,959511,783352,1742863
2012-06-15,Weekday,996431,803508,1799939
2012-06-16,Saturday,673257,513638,1186895
2012-06-17,Sunday/Holiday,497166,372514,869680
2012-06-18,Weekday,899886,710839,1610725
2012-06-19,Weekday,934909,725980,1660889
2012-06-20,Weekday,945821,743331,1689152
2012-06-21,Weekday,931983,728067,1660050
2012-06-22,Weekday,958498,755020,1713518
2012-06-23,Saturday,676430,492238,1168668
2012-06-24,Sunday/Holiday,513132,530481,1043613
2012-06-25,Weekday,933417,725550,1658967
2012-06-26,Weekday,952845,746532,1699377
2012-06-27,Weekday,957566,751428,1708994
2012-06-28,Weekday,880771,702116,1582887
2012-06-29,Weekday,925177,734451,1659628
2012-06-30,Saturday,683644,485188,1168832
2012-07-01,Sunday/Holiday,474631,350123,824754
2012-07-02,Weekday,929572,676617,1606189
2012-07-03,Weekday,976022,710361,1686383
2012-07-04,Sunday/Holiday,511376,383942,895318
2012-07-05,Weekday,833954,628259,1462213
2012-07-06,Weekday,852806,651815,1504621
2012-07-07,Saturday,628380,439918,1068298
2012-07-08,Sunday/Holiday,490561,341530,832091
2012-07-09,Weekday,934404,697423,1631827
2012-07-10,Weekday,958191,713798,1671989
2012-07-11,Weekday,982452,751429,1733881
2012-07-12,Weekday,973681,769452,1743133
2012-07-13,Weekday,918812,781300,1700112
2012-07-14,Saturday,662503,539189,1201692
2012-07-15,Sunday/Holiday,520254,434508,954762
2012-07-16,Weekday,927149,703975,1631124
2012-07-17,Weekday,916666,721980,1638646
2012-07-18,Weekday,947611,737720,1685331
2012-07-19,Weekday,929760,737674,1667434
2012-07-20,Weekday,950944,732949,1683893
2012-07-21,Saturday,682249,467138,1149387
2012-07-22,Sunday/Holiday,481281,353089,834370
2012-07-23,Weekday,915219,695786,1611005
2012-07-24,Weekday,902916,701367,1604283
2012-07-25,Weekday,930185,724487,1654672
2012-07-26,Weekday,945792,720070,1665862
2012-07-27,Weekday,947151,758858,1706009
2012-07-28,Saturday,686178,517111,1203289
2012-07-29,Sunday/Holiday,488506,374441,862947
2012-07-30,Weekday,907631,705435,1613066
2012-07-31,Weekday,927014,719885,1646899
2012-08-01,Weekday,993124,746620,1739744
2012-08-02,Weekday,956268,736721,1692989
2012-08-03,Weekday,997248,828673,1825921
2012-08-04,Saturday,639837,540564,1180401
2012-08-05,Sunday/Holiday,520813,454682,975495
2012-08-06,Weekday,930469,718004,1648473
2012-08-07,Weekday,939745,710734,1650479
2012-08-08,Weekday,937937,714729,1652666
2012-08-09,Weekday,910038,733293,1643331
2012-08-10,Weekday,939807,762585,1702392
2012-08-11,Saturday,634529,525198,1159727
2012-08-12,Sunday/Holiday,485254,389752,875006
2012-08-13,Weekday,862334,675894,1538228
2012-08-14,Weekday,952867,719794,1672661
2012-08-15,Weekday,969450,736768,1706218
2012-08-16,Weekday,894461,689521,1583982
2012-08-17,Weekday,985722,734329,1720051
2012-08-18,Saturday,711680,513680,1225360
2012-08-19,Sunday/Holiday,526215,381863,908078
2012-08-20,Weekday,932342,694224,1626566
2012-08-21,Weekday,989240,725406,1714646
2012-08-22,Weekday,993443,741288,1734731
2012-08-23,Weekday,996707,730663,1727370
2012-08-24,Weekday,995467,757933,1753400
2012-08-25,Saturday,682483,499512,1181995
2012-08-26,Sunday/Holiday,425118,326682,751800
2012-08-27,Weekday,999090,732088,1731178
2012-08-28,Weekday,1022555,752842,1775397
2012-08-29,Weekday,1019369,757338,1776707
2012-08-30,Weekday,1009624,765912,1775536
2012-08-31,Weekday,1051323,787713,1839036
2012-09-01,Saturday,670752,498563,1169315
2012-09-02,Sunday/Holiday,522696,425857,948553
2012-09-03,Sunday/Holiday,509576,366891,876467
2012-09-04,Weekday,1101066,757151,1858217
2012-09-05,Weekday,1081742,778985,1860727
2012-09-06,Weekday,1106785,787102,1893887
2012-09-07,Weekday,1057006,798630,1855636
2012-09-08,Saturday,697211,548107,1245318
2012-09-09,Sunday/Holiday,491612,370846,862458
2012-09-10,Weekday,980800,786943,1767743
2012-09-11,Weekday,1026114,789589,1815703
2012-09-12,Weekday,1024605,785316,1809921
2012-09-13,Weekday,991316,793145,1784461
2012-09-14,Weekday,1023073,789009,1812082
2012-09-15,Saturday,707625,533074,1240699
2012-09-16,Sunday/Holiday,497209,369738,866947
2012-09-17,Weekday,972361,749237,1721598
2012-09-18,Weekday,1009476,774593,1784069
2012-09-19,Weekday,1090006,805444,1895450
2012-09-20,Weekday,1087075,814328,1901403
2012-09-21,Weekday,1043281,804809,1848090
2012-09-22,Saturday,669729,507218,1176947
2012-09-23,Sunday/Holiday,494049,373413,867462
2012-09-24,Weekday,1067116,777711,1844827
2012-09-25,Weekday,1093445,787595,1881040
2012-09-26,Weekday,1088775,786511,1875286
2012-09-27,Weekday,1082616,810524,1893140
2012-09-28,Weekday,1080818,803271,1884089
2012-09-29,Saturday,715790,512833,1228623
2012-09-30,Sunday/Holiday,495883,357104,852987
2012-10-01,Weekday,1117666,783378,1901044
2012-10-02,Weekday,1108031,806945,1914976
2012-10-03,Weekday,1115762,810692,1926454
2012-10-04,Weekday,1099004,810084,1909088
2012-10-05,Weekday,1069580,808343,1877923
2012-10-06,Saturday,670397,522379,1192776
2012-10-07,Sunday/Holiday,449748,512959,962707
2012-10-08,Weekday,977879,713083,1690962
2012-10-09,Weekday,1088484,795608,1884092
2012-10-10,Weekday,1079860,798154,1878014
2012-10-11,Weekday,1085498,807251,1892749
2012-10-12,Weekday,1067152,796441,1863593
2012-10-13,Saturday,604421,447031,1051452
2012-10-14,Sunday/Holiday,443009,327889,770898
2012-10-15,Weekday,1071312,776921,1848233
2012-10-16,Weekday,1081929,792993,1874922
2012-10-17,Weekday,1057430,792225,1849655
2012-10-18,Weekday,1059957,806783,1866740
2012-10-19,Weekday,1051902,801852,1853754
2012-10-20,Saturday,696516,512403,1208919
2012-10-21,Sunday/Holiday,493474,354896,848370
2012-10-22,Weekday,1003315,769024,1772339
2012-10-23,Weekday,1043067,784378,1827445
2012-10-24,Weekday,1081481,804851,1886332
2012-10-25,Weekday,1027919,797938,1825857
2012-10-26,Weekday,1039677,796666,1836343
2012-10-27,Saturday,664877,490779,1155656
2012-10-28,Sunday/Holiday,454048,341936,795984
2012-10-29,Weekday,1035050,759113,1794163
2012-10-30,Weekday,1012512,765043,1777555
2012-10-31,Weekday,1042048,780984,1823032
2012-11-01,Weekday,1092827,795031,1887858
2012-11-02,Weekday,1087124,793396,1880520
2012-11-03,Saturday,675546,462962,1138508
2012-11-04,Sunday/Holiday,486060,347411,833471
2012-11-05,Weekday,1069691,766701,1836392
2012-11-06,Weekday,1050908,768986,1819894
2012-11-07,Weekday,1053498,782333,1835831
2012-11-08,Weekday,1064006,793455,1857461
2012-11-09,Weekday,1065181,798839,1864020
2012-11-10,Saturday,650416,472274,1122690
2012-11-11,Sunday/Holiday,479696,353062,832758
2012-11-12,Weekday,823600,666802,1490402
2012-11-13,Weekday,1004272,761630,1765902
2012-11-14,Weekday,1059509,775491,1835000
2012-11-15,Weekday,1058314,786677,1844991
2012-11-16,Weekday,1057000,791412,1848412
2012-11-17,Saturday,675393,567804,1243197
2012-11-18,Sunday/Holiday,472178,336771,808949
2012-11-19,Weekday,1047309,759037,1806346
2012-11-20,Weekday,1049100,772991,1822091
2012-11-21,Weekday,990069,705800,1695869
2012-11-22,Sunday/Holiday,363466,255982,619448
2012-11-23,Weekday,589493,413384,1002877
2012-11-24,Saturday,476658,377956,854614
2012-11-25,Sunday/Holiday,417727,304336,722063
2012-11-26,Weekday,1006387,717499,1723886
2012-11-27,Weekday,1016872,734908,1751780
2012-11-28,Weekday,1030518,750417,1780935
2012-11-29,Weekday,1028698,752188,1780886
2012-11-30,Weekday,1075641,776494,1852135
2012-12-01,Saturday,686669,492263,1178932
2012-12-02,Sunday/Holiday,484623,350433,835056
2012-12-03,Weekday,1069024,742337,1811361
2012-12-04,Weekday,1067467,747543,1815010
2012-12-05,Weekday,1054367,754701,1809068
2012-12-06,Weekday,1030407,751285,1781692
2012-12-07,Weekday,1038662,764843,1803505
2012-12-08,Saturday,642192,467324,1109516
2012-12-09,Sunday/Holiday,418807,295147,713954
2012-12-10,Weekday,973051,690186,1663237
2012-12-11,Weekday,995089,711140,1706229
2012-12-12,Weekday,999666,720758,1720424
2012-12-13,Weekday,999296,727540,1726836
2012-12-14,Weekday,1022704,749478,1772182
2012-12-15,Saturday,597413,425168,1022581
2012-12-16,Sunday/Holiday,450355,334285,784640
2012-12-17,Weekday,953565,683683,1637248
2012-12-18,Weekday,950660,693703,1644363
2012-12-19,Weekday,965895,691879,1657774
2012-12-20,Weekday,876460,660268,1536728
2012-12-21,Weekday,871165,634264,1505429
2012-12-22,Saturday,578361,374774,953135
2012-12-23,Sunday/Holiday,486169,281962,768131
2012-12-24,Weekday,545733,313210,858943
2012-12-25,Sunday/Holiday,242609,143166,385775
2012-12-26,Weekday,616049,428605,1044654
2012-12-27,Weekday,710150,514627,1224777
2012-12-28,Weekday,753950,546312,1300262
2012-12-29,Saturday,547238,360962,908200
2012-12-30,Sunday/Holiday,405207,291423,696630
2012-12-31,Weekday,672602,490998,1163600
2013-01-01,Sunday/Holiday,338644,276167,614811
2013-01-02,Weekday,747631,570506,1318137
2013-01-03,Weekday,857744,620104,1477848
2013-01-04,Weekday,875485,635401,1510886
2013-01-05,Saturday,549303,356383,905686
2013-01-06,Sunday/Holiday,399770,264957,664727
2013-01-07,Weekday,951511,672001,1623512
2013-01-08,Weekday,975824,687261,1663085
2013-01-09,Weekday,989291,697979,1687270
2013-01-10,Weekday,964506,693642,1658148
2013-01-11,Weekday,991875,708901,1700776
2013-01-12,Saturday,597811,403037,1000848
2013-01-13,Sunday/Holiday,379108,266395,645503
2013-01-14,Weekday,964972,701958,1666930
2013-01-15,Weekday,1000831,723460,1724291
2013-01-16,Weekday,1000782,726032,1726814
2013-01-17,Weekday,1003351,730830,1734181
2013-01-18,Weekday,995226,721526,1716752
2013-01-19,Saturday,592561,417820,1010381
2013-01-20,Sunday/Holiday,372131,275860,647991
2013-01-21,Weekday,549385,422125,971510
2013-01-22,Weekday,865232,654679,1519911
2013-01-23,Weekday,952105,697385,1649490
2013-01-24,Weekday,958057,708729,1666786
2013-01-25,Weekday,920833,707962,1628795
2013-01-26,Saturday,560544,393542,954086
2013-01-27,Sunday/Holiday,360109,261812,621921
2013-01-28,Weekday,1000004,718545,1718549
2013-01-29,Weekday,1009440,728633,1738073
2013-01-30,Weekday,997461,735084,1732545
2013-01-31,Weekday,955113,713918,1669031
2013-02-01,Weekday,878531,659888,1538419
2013-02-02,Saturday,554095,378484,932579
2013-02-03,Sunday/Holiday,396422,271153,667575
2013-02-04,Weekday,983474,710890,1694364
2013-02-05,Weekday,1021386,733180,1754566
2013-02-06,Weekday,1035100,739979,1775079
2013-02-07,Weekday,973458,743264,1716722
2013-02-08,Weekday,994675,723430,1718105
2013-02-09,Saturday,611263,426081,1037344
2013-02-10,Sunday/Holiday,392914,278417,671331
2013-02-11,Weekday,994224,708331,1702555
2013-02-12,Weekday,901097,687334,1588431
2013-02-13,Weekday,1070447,754178,1824625
2013-02-14,Weekday,1054969,758213,1813182
2013-02-15,Weekday,1013485,731689,1745174
2013-02-16,Saturday,598259,412929,1011188
2013-02-17,Sunday/Holiday,445505,317885,763390
2013-02-18,Weekday,830133,567064,1397197
2013-02-19,Weekday,961489,709244,1670733
2013-02-20,Weekday,995286,720364,1715650
2013-02-21,Weekday,1012672,738526,1751198
2013-02-22,Weekday,944394,716784,1661178
2013-02-23,Saturday,597852,403004,1000856
2013-02-24,Sunday/Holiday,426783,280619,707402
2013-02-25,Weekday,1032337,718035,1750372
2013-02-26,Weekday,917610,707649,1625259
2013-02-27,Weekday,1004620,732706,1737326
2013-02-28,Weekday,1011461,741077,1752538
2013-03-01,Weekday,1030897,726385,1757282
2013-03-02,Saturday,641791,407706,1049497
2013-03-03,Sunday/Holiday,451612,290260,741872
2013-03-04,Weekday,1046582,684343,1730925
2013-03-05,Weekday,915814,662182,1577996
2013-03-06,Weekday,1000963,703897,1704860
2013-03-07,Weekday,1039889,724517,1764406
2013-03-08,Weekday,1047924,716118,1764042
2013-03-09,Saturday,619396,404506,1023902
2013-03-10,Sunday/Holiday,417260,285624,702884
2013-03-11,Weekday,1009909,713865,1723774
2013-03-12,Weekday,1017656,738907,1756563
2013-03-13,Weekday,1034585,748618,1783203
2013-03-14,Weekday,1033042,755471,1788513
2013-03-15,Weekday,1002907,771603,1774510
2013-03-16,Saturday,626782,610526,1237308
2013-03-17,Sunday/Holiday,433504,338473,771977
2013-03-18,Weekday,971804,715696,1687500
2013-03-19,Weekday,990010,723671,1713681
2013-03-20,Weekday,980735,721345,1702080
2013-03-21,Weekday,999714,729901,1729615
2013-03-22,Weekday,1003565,721149,1724714
2013-03-23,Saturday,609394,425222,1034616
2013-03-24,Sunday/Holiday,401250,288966,690216
2013-03-25,Weekday,828707,630136,1458843
2013-03-26,Weekday,876069,655138,1531207
2013-03-27,Weekday,880496,670282,1550778
2013-03-28,Weekday,893443,679530,1572973
2013-03-29,Weekday,829810,621657,1451467
2013-03-30,Saturday,594213,395747,989960
2013-03-31,Sunday/Holiday,402842,267293,670135
2013-04-01,Weekday,980489,708026,1688515
2013-04-02,Weekday,993149,728501,1721650
2013-04-03,Weekday,1034924,746014,1780938
2013-04-04,Weekday,1015284,759059,1774343
2013-04-05,Weekday,996072,746786,1742858
2013-04-06,Saturday,611381,459388,1070769
2013-04-07,Sunday/Holiday,440588,357215,797803
2013-04-08,Weekday,977325,737437,1714762
2013-04-09,Weekday,999444,740720,1740164
2013-04-10,Weekday,960903,717466,1678369
2013-04-11,Weekday,982894,752525,1735419
2013-04-12,Weekday,994973,753498,1748471
2013-04-13,Saturday,600393,462508,1062901
2013-04-14,Sunday/Holiday,450337,351742,802079
2013-04-15,Weekday,992589,717933,1710522
2013-04-16,Weekday,1014884,753356,1768240
2013-04-17,Weekday,915006,711500,1626506
2013-04-18,Weekday,811655,693760,1505415
2013-04-19,Weekday,959757,718526,1678283
2013-04-20,Saturday,615433,448035,1063468
2013-04-21,Sunday/Holiday,441267,313744,755011
2013-04-22,Weekday,1001200,731504,1732704
2013-04-23,Weekday,922329,715764,1638093
2013-04-24,Weekday,952859,736305,1689164
2013-04-25,Weekday,1008224,755375,1763599
2013-04-26,Weekday,999388,750687,1750075
2013-04-27,Saturday,654086,460650,1114736
2013-04-28,Sunday/Holiday,455561,320737,776298
2013-04-29,Weekday,1009306,717625,1726931
2013-04-30,Weekday,1029285,738733,1768018
2013-05-01,Weekday,1077184,762553,1839737
2013-05-02,Weekday,1028782,752135,1780917
2013-05-03,Weekday,1023402,730511,1753913
2013-05-04,Saturday,655097,465245,1120342
2013-05-05,Sunday/Holiday,471437,350222,821659
2013-05-06,Weekday,1017895,729615,1747510
2013-05-07,Weekday,1022360,758068,1780428
2013-05-08,Weekday,1025713,769649,1795362
2013-05-09,Weekday,1003192,721753,1724945
2013-05-10,Weekday,972916,725511,1698427
2013-05-11,Saturday,603110,435938,1039048
2013-05-12,Sunday/Holiday,414976,313848,728824
2013-05-13,Weekday,961814,713048,1674862
2013-05-14,Weekday,1006636,750210,1756846
2013-05-15,Weekday,995042,758657,1753699
2013-05-16,Weekday,982565,746034,1728599
2013-05-17,Weekday,966483,757439,1723922
2013-05-18,Saturday,625752,493226,1118978
2013-05-19,Sunday/Holiday,485211,363850,849061
2013-05-20,Weekday,1008704,681176,1689880
2013-05-21,Weekday,1013059,689412,1702471
2013-05-22,Weekday,982149,687729,1669878
2013-05-23,Weekday,987008,693752,1680760
2013-05-24,Weekday,1010765,676692,1687457
2013-05-25,Saturday,600972,369584,970556
2013-05-26,Sunday/Holiday,460009,336563,796572
2013-05-27,Sunday/Holiday,415696,286211,701907
2013-05-28,Weekday,982424,672485,1654909
2013-05-29,Weekday,1014424,715430,1729854
2013-05-30,Weekday,996198,717726,1713924
2013-05-31,Weekday,1044620,719350,1763970
2013-06-01,Saturday,631022,445218,1076240
2013-06-02,Sunday/Holiday,439719,333835,773554
2013-06-03,Weekday,1054416,707210,1761626
2013-06-04,Weekday,1044555,716102,1760657
2013-06-05,Weekday,1024709,716938,1741647
2013-06-06,Weekday,1021552,736943,1758495
2013-06-07,Weekday,1030362,768035,1798397
2013-06-08,Saturday,661759,537485,1199244
2013-06-09,Sunday/Holiday,473625,393881,867506
2013-06-10,Weekday,993550,731202,1724752
2013-06-11,Weekday,1027027,752653,1779680
2013-06-12,Weekday,969474,718831,1688305
2013-06-13,Weekday,1031992,761985,1793977
2013-06-14,Weekday,1033513,747980,1781493
2013-06-15,Saturday,624345,453140,1077485
2013-06-16,Sunday/Holiday,479896,369569,849465
2013-06-17,Weekday,969085,692856,1661941
2013-06-18,Weekday,975403,701224,1676627
2013-06-19,Weekday,990561,718139,1708700
2013-06-20,Weekday,974707,724184,1698891
2013-06-21,Weekday,917934,724999,1642933
2013-06-22,Saturday,633702,488805,1122507
2013-06-23,Sunday/Holiday,479321,394460,873781
2013-06-24,Weekday,920436,699721,1620157
2013-06-25,Weekday,888128,694726,1582854
2013-06-26,Weekday,866326,690875,1557201
2013-06-27,Weekday,913619,723050,1636669
2013-06-28,Weekday,898642,894811,1793453
2013-06-29,Saturday,620304,463716,1084020
2013-06-30,Sunday/Holiday,488073,543707,1031780
2013-07-01,Weekday,946062,681252,1627314
2013-07-02,Weekday,911309,677994,1589303
2013-07-03,Weekday,945848,693445,1639293
2013-07-04,Sunday/Holiday,525424,407174,932598
2013-07-05,Weekday,806355,592583,1398938
2013-07-06,Saturday,619632,463509,1083141
2013-07-07,Sunday/Holiday,467091,354565,821656
2013-07-08,Weekday,863581,664506,1528087
2013-07-09,Weekday,928137,708853,1636990
2013-07-10,Weekday,961940,756010,1717950
2013-07-11,Weekday,958922,787568,1746490
2013-07-12,Weekday,928925,802562,1731487
2013-07-13,Saturday,662483,565833,1228316
2013-07-14,Sunday/Holiday,487170,413355,900525
2013-07-15,Weekday,904464,683553,1588017
2013-07-16,Weekday,924281,695896,1620177
2013-07-17,Weekday,922657,706991,1629648
2013-07-18,Weekday,904388,720245,1624633
2013-07-19,Weekday,897959,775821,1673780
2013-07-20,Saturday,646339,546852,1193191
2013-07-21,Sunday/Holiday,469900,410606,880506
2013-07-22,Weekday,903084,709718,1612802
2013-07-23,Weekday,919858,720357,1640215
2013-07-24,Weekday,928256,713067,1641323
2013-07-25,Weekday,919260,715876,1635136
2013-07-26,Weekday,890066,688728,1578794
2013-07-27,Saturday,614357,461775,1076132
2013-07-28,Sunday/Holiday,455742,371125,826867
2013-07-29,Weekday,894999,693570,1588569
2013-07-30,Weekday,894122,713697,1607819
2013-07-31,Weekday,898783,707557,1606340
2013-08-01,Weekday,950707,753887,1704594
2013-08-02,Weekday,918087,795020,1713107
2013-08-03,Saturday,667710,574621,1242331
2013-08-04,Sunday/Holiday,475029,462380,937409
2013-08-05,Weekday,885007,688747,1573754
2013-08-06,Weekday,914261,698763,1613024
2013-08-07,Weekday,898114,694946,1593060
2013-08-08,Weekday,912994,702001,1614995
2013-08-09,Weekday,906417,711160,1617577
2013-08-10,Saturday,642566,493210,1135776
2013-08-11,Sunday/Holiday,459030,365118,824148
2013-08-12,Weekday,848703,684985,1533688
2013-08-13,Weekday,883243,712564,1595807
2013-08-14,Weekday,882740,717664,1600404
2013-08-15,Weekday,877526,705604,1583130
2013-08-16,Weekday,890423,730276,1620699
2013-08-17,Saturday,634078,506124,1140202
2013-08-18,Sunday/Holiday,472515,384202,856717
2013-08-19,Weekday,859701,671949,1531650
2013-08-20,Weekday,894283,699558,1593841
2013-08-21,Weekday,894827,704103,1598930
2013-08-22,Weekday,855068,697777,1552845
2013-08-23,Weekday,932928,715975,1648903
2013-08-24,Saturday,632311,465546,1097857
2013-08-25,Sunday/Holiday,463843,353352,817195
2013-08-26,Weekday,1020173,696403,1716576
2013-08-27,Weekday,1032675,721814,1754489
2013-08-28,Weekday,1019457,732138,1751595
2013-08-29,Weekday,1048608,759088,1807696
2013-08-30,Weekday,1025684,740853,1766537
2013-08-31,Saturday,596363,462487,1058850
2013-09-01,Sunday/Holiday,493648,423770,917418
2013-09-02,Sunday/Holiday,454573,344582,799155
2013-09-03,Weekday,1089544,761455,1850999
2013-09-04,Weekday,1077803,769975,1847778
2013-09-05,Weekday,1059826,763277,1823103
2013-09-06,Weekday,1067536,786864,1854400
2013-09-07,Saturday,634809,510149,1144958
2013-09-08,Sunday/Holiday,459104,371781,830885
2013-09-09,Weekday,1052783,752305,1805088
2013-09-10,Weekday,1034136,762582,1796718
2013-09-11,Weekday,1047538,783710,1831248
2013-09-12,Weekday,1050318,812163,1862481
2013-09-13,Weekday,1036536,803298,1839834
2013-09-14,Saturday,632081,504797,1136878
2013-09-15,Sunday/Holiday,409765,345621,755386
2013-09-16,Weekday,1033555,776155,1809710
2013-09-17,Weekday,1049035,788413,1837448
2013-09-18,Weekday,1023243,783471,1806714
2013-09-19,Weekday,1000885,791208,1792093
2013-09-20,Weekday,1034561,800104,1834665
2013-09-21,Saturday,629564,526128,1155692
2013-09-22,Sunday/Holiday,445308,368372,813680
2013-09-23,Weekday,1026469,780751,1807220
2013-09-24,Weekday,1041341,805859,1847200
2013-09-25,Weekday,1055790,810826,1866616
2013-09-26,Weekday,1047323,813509,1860832
2013-09-27,Weekday,1034355,797916,1832271
2013-09-28,Saturday,635517,506929,1142446
2013-09-29,Sunday/Holiday,439655,360040,799695
2013-09-30,Weekday,1007775,765034,1772809
2013-10-01,Weekday,1100251,760127,1860378
2013-10-02,Weekday,1060370,771294,1831664
2013-10-03,Weekday,1073368,776149,1849517
2013-10-04,Weekday,1055644,763663,1819307
2013-10-05,Saturday,606526,457086,1063612
2013-10-06,Sunday/Holiday,468784,350969,819753
2013-10-07,Weekday,1033503,748714,1782217
2013-10-08,Weekday,1062411,762764,1825175
2013-10-09,Weekday,1056846,774550,1831396
2013-10-10,Weekday,1041043,803786,1844829
2013-10-11,Weekday,1033797,792305,1826102
2013-10-12,Saturday,597479,497092,1094571
2013-10-13,Sunday/Holiday,433578,528335,961913
2013-10-14,Weekday,836533,678287,1514820
2013-10-15,Weekday,1005851,764848,1770699
2013-10-16,Weekday,1017742,779074,1796816
2013-10-17,Weekday,1025838,789200,1815038
2013-10-18,Weekday,1024958,784891,1809849
2013-10-19,Saturday,599201,498671,1097872
2013-10-20,Sunday/Holiday,417109,367355,784464
2013-10-21,Weekday,972502,778456,1750958
2013-10-22,Weekday,948098,785501,1733599
2013-10-23,Weekday,993612,797121,1790733
2013-10-24,Weekday,1007402,810665,1818067
2013-10-25,Weekday,986527,797551,1784078
2013-10-26,Saturday,578216,492032,1070248
2013-10-27,Sunday/Holiday,413217,346467,759684
2013-10-28,Weekday,982644,768974,1751618
2013-10-29,Weekday,976102,790974,1767076
2013-10-30,Weekday,967902,791183,1759085
2013-10-31,Weekday,956055,786574,1742629
2013-11-01,Weekday,937537,783970,1721507
2013-11-02,Saturday,593170,483120,1076290
2013-11-03,Sunday/Holiday,430036,384737,814773
2013-11-04,Weekday,978017,788454,1766471
2013-11-05,Weekday,982549,795511,1778060
2013-11-06,Weekday,965938,792044,1757982
2013-11-07,Weekday,974582,812279,1786861
2013-11-08,Weekday,974269,808267,1782536
2013-11-09,Saturday,589432,507077,1096509
2013-11-10,Sunday/Holiday,426989,370923,797912
2013-11-11,Weekday,727925,671720,1399645
2013-11-12,Weekday,884181,770609,1654790
2013-11-13,Weekday,967800,783483,1751283
2013-11-14,Weekday,968420,806089,1774509
2013-11-15,Weekday,972734,803561,1776295
2013-11-16,Saturday,548828,489767,1038595
2013-11-17,Sunday/Holiday,343928,316525,660453
2013-11-18,Weekday,948312,775101,1723413
2013-11-19,Weekday,972260,790434,1762694
2013-11-20,Weekday,974233,788003,1762236
2013-11-21,Weekday,967167,799283,1766450
2013-11-22,Weekday,955058,797556,1752614
2013-11-23,Saturday,535573,513370,1048943
2013-11-24,Sunday/Holiday,362949,311868,674817
2013-11-25,Weekday,898537,742488,1641025
2013-11-26,Weekday,913171,768042,1681213
2013-11-27,Weekday,785887,655899,1441786
2013-11-28,Sunday/Holiday,316200,238112,554312
2013-11-29,Weekday,625605,448939,1074544
2013-11-30,Saturday,594111,419067,1013178
2013-12-01,Sunday/Holiday,393065,311377,704442
2013-12-02,Weekday,966367,745892,1712259
2013-12-03,Weekday,1011416,772345,1783761
2013-12-04,Weekday,1022579,778031,1800610
2013-12-05,Weekday,956982,782864,1739846
2013-12-06,Weekday,933388,766511,1699899
2013-12-07,Saturday,523861,455354,979215
2013-12-08,Sunday/Holiday,356936,322820,679756
2013-12-09,Weekday,904306,745781,1650087
2013-12-10,Weekday,884567,726111,1610678
2013-12-11,Weekday,888272,736512,1624784
2013-12-12,Weekday,864926,722404,1587330
2013-12-13,Weekday,930494,760860,1691354
2013-12-14,Saturday,508408,473775,982183
2013-12-15,Sunday/Holiday,357251,317666,674917
2013-12-16,Weekday,856591,697993,1554584
2013-12-17,Weekday,883958,716650,1600608
2013-12-18,Weekday,900934,719652,1620586
2013-12-19,Weekday,888294,715173,1603467
2013-12-20,Weekday,885107,706214,1591321
2013-12-21,Saturday,513799,421443,935242
2013-12-22,Sunday/Holiday,374537,310920,685457
2013-12-23,Weekday,691365,545145,1236510
2013-12-24,Weekday,474089,341784,815873
2013-12-25,Sunday/Holiday,218166,144912,363078
2013-12-26,Weekday,557420,438202,995622
2013-12-27,Weekday,659876,531774,1191650
2013-12-28,Saturday,506219,405004,911223
2013-12-29,Sunday/Holiday,335610,292169,627779
2013-12-30,Weekday,604796,537971,1142767
2013-12-31,Weekday,595963,565346,1161309
2014-01-01,Sunday/Holiday,281657,303441,585098
2014-01-02,Weekday,601103,569395,1170498
2014-01-03,Weekday,691262,598290,1289552
2014-01-04,Saturday,469542,361203,830745
2014-01-05,Sunday/Holiday,268582,237067,505649
2014-01-06,Weekday,311075,269542,580617
2014-01-07,Weekday,489810,468681,958491
2014-01-08,Weekday,806256,687473,1493729
2014-01-09,Weekday,860867,727384,1588251
2014-01-10,Weekday,872079,725812,1597891
2014-01-11,Saturday,526267,424639,950906
2014-01-12,Sunday/Holiday,387031,312663,699694
2014-01-13,Weekday,948883,762345,1711228
2014-01-14,Weekday,923401,761893,1685294
2014-01-15,Weekday,940266,761924,1702190
2014-01-16,Weekday,927231,765910,1693141
2014-01-17,Weekday,909353,743024,1652377
2014-01-18,Saturday,480918,418986,899904
2014-01-19,Sunday/Holiday,372608,316288,688896
2014-01-20,Weekday,599662,502485,1102147
2014-01-21,Weekday,855515,734096,1589611
2014-01-22,Weekday,872967,737074,1610041
2014-01-23,Weekday,825049,715759,1540808
2014-01-24,Weekday,763075,680260,1443335
2014-01-25,Saturday,490314,396641,886955
2014-01-26,Sunday/Holiday,337328,280648,617976
2014-01-27,Weekday,502031,472484,974515
2014-01-28,Weekday,519517,485867,1005384
2014-01-29,Weekday,889744,733780,1623524
2014-01-30,Weekday,902855,751471,1654326
2014-01-31,Weekday,930172,754479,1684651
2014-02-01,Saturday,497989,405961,903950
2014-02-02,Sunday/Holiday,377994,299870,677864
2014-02-03,Weekday,931825,729128,1660953
2014-02-04,Weekday,946438,759960,1706398
2014-02-05,Weekday,828739,753984,1582723
2014-02-06,Weekday,888288,753787,1642075
2014-02-07,Weekday,873759,724771,1598530
2014-02-08,Saturday,513518,416614,930132
2014-02-09,Sunday/Holiday,385739,301471,687210
2014-02-10,Weekday,888500,716772,1605272
2014-02-11,Weekday,923651,743715,1667366
2014-02-12,Weekday,842139,713255,1555394
2014-02-13,Weekday,975061,784280,1759341
2014-02-14,Weekday,961152,778342,1739494
2014-02-15,Saturday,567619,448648,1016267
2014-02-16,Sunday/Holiday,401088,324457,725545
2014-02-17,Weekday,695931,594339,1290270
2014-02-18,Weekday,947147,777183,1724330
2014-02-19,Weekday,974552,783745,1758297
2014-02-20,Weekday,893699,759455,1653154
2014-02-21,Weekday,926827,766802,1693629
2014-02-22,Saturday,570349,452998,1023347
2014-02-23,Sunday/Holiday,392042,315317,707359
2014-02-24,Weekday,925043,739926,1664969
2014-02-25,Weekday,933471,752744,1686215
2014-02-26,Weekday,884516,728685,1613201
2014-02-27,Weekday,876615,728137,1604752
2014-02-28,Weekday,936301,745915,1682216
2014-03-01,Saturday,559952,448218,1008170
2014-03-02,Sunday/Holiday,371300,304402,675702
2014-03-03,Weekday,900837,709629,1610466
2014-03-04,Weekday,953477,761357,1714834
2014-03-05,Weekday,918971,769178,1688149
2014-03-06,Weekday,962802,775465,1738267
2014-03-07,Weekday,958096,769821,1727917
2014-03-08,Saturday,553250,447401,1000651
2014-03-09,Sunday/Holiday,405308,328025,733333
2014-03-10,Weekday,959467,767043,1726510
2014-03-11,Weekday,959134,772592,1731726
2014-03-12,Weekday,868232,746895,1615127
2014-03-13,Weekday,940113,785327,1725440
2014-03-14,Weekday,955810,819256,1775066
2014-03-15,Saturday,593789,674922,1268711
2014-03-16,Sunday/Holiday,371881,349484,721365
2014-03-17,Weekday,932779,763579,1696358
2014-03-18,Weekday,959483,782899,1742382
2014-03-19,Weekday,920270,767680,1687950
2014-03-20,Weekday,957032,786292,1743324
2014-03-21,Weekday,959387,779226,1738613
2014-03-22,Saturday,597815,452237,1050052
2014-03-23,Sunday/Holiday,418299,315092,733391
2014-03-24,Weekday,923396,706637,1630033
2014-03-25,Weekday,928067,719323,1647390
2014-03-26,Weekday,961287,734053,1695340
2014-03-27,Weekday,927050,725889,1652939
2014-03-28,Weekday,944696,732211,1676907
2014-03-29,Saturday,572055,438766,1010821
2014-03-30,Sunday/Holiday,432880,379220,812100
2014-03-31,Weekday,940176,762112,1702288
2014-04-01,Weekday,986346,772459,1758805
2014-04-02,Weekday,952475,784201,1736676
2014-04-03,Weekday,917123,765726,1682849
2014-04-04,Weekday,941118,806643,1747761
2014-04-05,Saturday,599182,531509,1130691
2014-04-06,Sunday/Holiday,435676,373726,809402
2014-04-07,Weekday,913081,753038,1666119
2014-04-08,Weekday,913012,773383,1686395
2014-04-09,Weekday,977698,805182,1782880
2014-04-10,Weekday,947682,806042,1753724
2014-04-11,Weekday,953384,803062,1756446
2014-04-12,Saturday,574622,524370,1098992
2014-04-13,Sunday/Holiday,390666,330841,721507
2014-04-14,Weekday,792277,697727,1490004
2014-04-15,Weekday,844484,734464,1578948
2014-04-16,Weekday,866995,757767,1624762
2014-04-17,Weekday,864791,770728,1635519
2014-04-18,Weekday,814560,712086,1526646
2014-04-19,Saturday,568016,476147,1044163
2014-04-20,Sunday/Holiday,399289,333380,732669
2014-04-21,Weekday,876478,741631,1618109
2014-04-22,Weekday,938052,794547,1732599
2014-04-23,Weekday,911681,793484,1705165
2014-04-24,Weekday,893970,794395,1688365
2014-04-25,Weekday,936028,797851,1733879
2014-04-26,Saturday,580601,499576,1080177
2014-04-27,Sunday/Holiday,400302,344503,744805
2014-04-28,Weekday,884033,735132,1619165
2014-04-29,Weekday,919869,770461,1690330
2014-04-30,Weekday,925494,772097,1697591
2014-05-01,Weekday,985012,788162,1773174
2014-05-02,Weekday,981085,794448,1775533
2014-05-03,Saturday,632332,511129,1143461
2014-05-04,Sunday/Holiday,429710,356412,786122
2014-05-05,Weekday,963691,769476,1733167
2014-05-06,Weekday,974250,784430,1758680
2014-05-07,Weekday,967197,773634,1740831
2014-05-08,Weekday,968856,794388,1763244
2014-05-09,Weekday,921741,762641,1684382
2014-05-10,Saturday,608188,468058,1076246
2014-05-11,Sunday/Holiday,402497,321063,723560
2014-05-12,Weekday,880457,711215,1591672
2014-05-13,Weekday,904717,735362,1640079
2014-05-14,Weekday,916259,749500,1665759
2014-05-15,Weekday,890597,751405,1642002
2014-05-16,Weekday,900252,764035,1664287
2014-05-17,Saturday,579674,492704,1072378
2014-05-18,Sunday/Holiday,434998,382342,817340
2014-05-19,Weekday,885010,732346,1617356
2014-05-20,Weekday,922226,781529,1703755
2014-05-21,Weekday,925959,790957,1716916
2014-05-22,Weekday,908285,788319,1696604
2014-05-23,Weekday,906712,763127,1669839
2014-05-24,Saturday,575483,490635,1066118
2014-05-25,Sunday/Holiday,450296,403930,854226
2014-05-26,Sunday/Holiday,413568,345231,758799
2014-05-27,Weekday,880521,728464,1608985
2014-05-28,Weekday,905284,751880,1657164
2014-05-29,Weekday,901067,762505,1663572
2014-05-30,Weekday,934382,782522,1716904
2014-05-31,Saturday,600856,507919,1108775
2014-06-01,Sunday/Holiday,445596,376894,822490
2014-06-02,Weekday,864622,726524,1591146
2014-06-03,Weekday,936306,812230,1748536
2014-06-04,Weekday,879397,762035,1641432
2014-06-05,Weekday,910818,797899,1708717
2014-06-06,Weekday,906586,796373,1702959
2014-06-07,Saturday,585247,524812,1110059
2014-06-08,Sunday/Holiday,429503,393358,822861
2014-06-09,Weekday,878784,750337,1629121
2014-06-10,Weekday,859477,748307,1607784
2014-06-11,Weekday,870560,761366,1631926
2014-06-12,Weekday,880810,779426,1660236
2014-06-13,Weekday,881991,810893,1692884
2014-06-14,Saturday,581799,556285,1138084
2014-06-15,Sunday/Holiday,410273,388603,798876
2014-06-16,Weekday,796802,729177,1525979
2014-06-17,Weekday,806325,738327,1544652
2014-06-18,Weekday,766725,717546,1484271
2014-06-19,Weekday,803296,742211,1545507
2014-06-20,Weekday,813597,775063,1588660
2014-06-21,Saturday,537612,503304,1040916
2014-06-22,Sunday/Holiday,452933,427533,880466
2014-06-23,Weekday,825185,726655,1551840
2014-06-24,Weekday,859711,755376,1615087
2014-06-25,Weekday,874922,761775,1636697
2014-06-26,Weekday,883107,779277,1662384
2014-06-27,Weekday,879565,793688,1673253
2014-06-28,Saturday,574082,524253,1098335
2014-06-29,Sunday/Holiday,428350,534327,962677
2014-06-30,Weekday,766381,697417,1463798
2014-07-01,Weekday,855553,753101,1608654
2014-07-02,Weekday,824805,725327,1550132
2014-07-03,Weekday,856556,727253,1583809
2014-07-04,Sunday/Holiday,478993,473842,952835
2014-07-05,Saturday,513494,439422,952916
2014-07-06,Sunday/Holiday,410521,354469,764990
2014-07-07,Weekday,821674,704301,1525975
2014-07-08,Weekday,836929,725372,1562301
2014-07-09,Weekday,855793,763164,1618957
2014-07-10,Weekday,854968,782968,1637936
2014-07-11,Weekday,839507,817078,1656585
2014-07-12,Saturday,497531,471216,968747
2014-07-13,Sunday/Holiday,437544,429753,867297
2014-07-14,Weekday,803242,716634,1519876
2014-07-15,Weekday,828927,739993,1568920
2014-07-16,Weekday,844384,752925,1597309
2014-07-17,Weekday,837907,762599,1600506
2014-07-18,Weekday,839720,819331,1659051
2014-07-19,Saturday,578126,559893,1138019
2014-07-20,Sunday/Holiday,423665,431674,855339
2014-07-21,Weekday,821289,740142,1561431
2014-07-22,Weekday,825700,765642,1591342
2014-07-23,Weekday,838958,777929,1616887
2014-07-24,Weekday,833052,790076,1623128
2014-07-25,Weekday,813032,793426,1606458
2014-07-26,Saturday,563247,540197,1103444
2014-07-27,Sunday/Holiday,423806,403719,827525
2014-07-28,Weekday,810122,730188,1540310
2014-07-29,Weekday,810857,746646,1557503
2014-07-30,Weekday,815885,760415,1576300
2014-07-31,Weekday,819409,785640,1605049
2014-08-01,Weekday,841692,824658,1666350
2014-08-02,Saturday,592660,571486,1164146
2014-08-03,Sunday/Holiday,420667,441136,861803
2014-08-04,Weekday,798672,716949,1515621
2014-08-05,Weekday,824134,737875,1562009
2014-08-06,Weekday,827073,741608,1568681
2014-08-07,Weekday,827473,745930,1573403
2014-08-08,Weekday,836918,787177,1624095
2014-08-09,Saturday,582607,552265,1134872
2014-08-10,Sunday/Holiday,427882,405792,833674
2014-08-11,Weekday,772003,718836,1490839
2014-08-12,Weekday,772713,719699,1492412
2014-08-13,Weekday,817833,745654,1563487
2014-08-14,Weekday,810388,770920,1581308
2014-08-15,Weekday,820884,749693,1570577
2014-08-16,Saturday,583313,501095,1084408
2014-08-17,Sunday/Holiday,422345,382210,804555
2014-08-18,Weekday,786527,708188,1494715
2014-08-19,Weekday,787767,727891,1515658
2014-08-20,Weekday,829572,758067,1587639
2014-08-21,Weekday,771537,739451,1510988
2014-08-22,Weekday,816652,762365,1579017
2014-08-23,Saturday,517416,459047,976463
2014-08-24,Sunday/Holiday,432777,387171,819948
2014-08-25,Weekday,787836,712661,1500497
2014-08-26,Weekday,858520,757206,1615726
2014-08-27,Weekday,874420,768933,1643353
2014-08-28,Weekday,867478,773821,1641299
2014-08-29,Weekday,871087,781881,1652968
2014-08-30,Saturday,581944,520855,1102799
2014-08-31,Sunday/Holiday,451820,448668,900488
2014-09-01,Sunday/Holiday,419182,366912,786094
2014-09-02,Weekday,952266,773307,1725573
2014-09-03,Weekday,985184,813174,1798358
2014-09-04,Weekday,942676,794090,1736766
2014-09-05,Weekday,933196,801886,1735082
2014-09-06,Saturday,593846,534590,1128436
2014-09-07,Sunday/Holiday,427686,395246,822932
2014-09-08,Weekday,956395,786501,1742896
2014-09-09,Weekday,967610,800307,1767917
2014-09-10,Weekday,898549,788458,1687007
2014-09-11,Weekday,953091,833378,1786469
2014-09-12,Weekday,929062,817716,1746778
2014-09-13,Saturday,584842,525886,1110728
2014-09-14,Sunday/Holiday,431379,386903,818282
2014-09-15,Weekday,924594,804175,1728769
2014-09-16,Weekday,964802,827582,1792384
2014-09-17,Weekday,975664,832609,1808273
2014-09-18,Weekday,967453,848591,1816044
2014-09-19,Weekday,955896,854602,1810498
2014-09-20,Saturday,566053,511922,1077975
2014-09-21,Sunday/Holiday,417931,387673,805604
2014-09-22,Weekday,947353,819134,1766487
2014-09-23,Weekday,960506,826655,1787161
2014-09-24,Weekday,961323,833600,1794923
2014-09-25,Weekday,963447,824454,1787901
2014-09-26,Weekday,957961,814285,1772246
2014-09-27,Saturday,592901,515308,1108209
2014-09-28,Sunday/Holiday,423502,386129,809631
2014-09-29,Weekday,934648,793644,1728292
2014-09-30,Weekday,945847,805360,1751207
2014-10-01,Weekday,1010778,825205,1835983
2014-10-02,Weekday,960602,820764,1781366
2014-10-03,Weekday,954675,811571,1766246
2014-10-04,Saturday,557711,482714,1040425
2014-10-05,Sunday/Holiday,420636,353400,774036
2014-10-06,Weekday,957372,798793,1756165
2014-10-07,Weekday,971693,814006,1785699
2014-10-08,Weekday,972010,822875,1794885
2014-10-09,Weekday,969095,838925,1808020
2014-10-10,Weekday,954800,839036,1793836
2014-10-11,Saturday,584377,527418,1111795
2014-10-12,Sunday/Holiday,389901,549571,939472
2014-10-13,Weekday,743512,714675,1458187
2014-10-14,Weekday,914687,814971,1729658
2014-10-15,Weekday,956165,826620,1782785
2014-10-16,Weekday,959217,848014,1807231
2014-10-17,Weekday,949303,844701,1794004
2014-10-18,Saturday,567859,525540,1093399
2014-10-19,Sunday/Holiday,424169,393552,817721
2014-10-20,Weekday,939282,801698,1740980
2014-10-21,Weekday,947668,814300,1761968
2014-10-22,Weekday,959209,818395,1777604
2014-10-23,Weekday,949675,829088,1778763
2014-10-24,Weekday,943435,815235,1758670
2014-10-25,Saturday,586281,500235,1086516
2014-10-26,Sunday/Holiday,410811,362143,772954
2014-10-27,Weekday,940038,792398,1732436
2014-10-28,Weekday,953363,812867,1766230
2014-10-29,Weekday,944219,813686,1757905
2014-10-30,Weekday,951547,830872,1782419
2014-10-31,Weekday,894082,800198,1694280
2014-11-01,Saturday,556675,491328,1048003
2014-11-02,Sunday/Holiday,416049,383910,799959
2014-11-03,Weekday,995821,805002,1800823
2014-11-04,Weekday,971255,805374,1776629
2014-11-05,Weekday,990008,827900,1817908
2014-11-06,Weekday,941564,821892,1763456
2014-11-07,Weekday,873365,802400,1675765
2014-11-08,Saturday,563782,492608,1056390
2014-11-09,Sunday/Holiday,411806,379597,791403
2014-11-10,Weekday,938000,786491,1724491
2014-11-11,Weekday,759033,698289,1457322
2014-11-12,Weekday,911664,797730,1709394
2014-11-13,Weekday,866929,789154,1656083
2014-11-14,Weekday,911150,794103,1705253
2014-11-15,Saturday,532937,458706,991643
2014-11-16,Sunday/Holiday,372383,331794,704177
2014-11-17,Weekday,863661,758113,1621774
2014-11-18,Weekday,846179,755916,1602095
2014-11-19,Weekday,889137,774198,1663335
2014-11-20,Weekday,899732,786919,1686651
2014-11-21,Weekday,898889,787291,1686180
2014-11-22,Saturday,534874,525065,1059939
2014-11-23,Sunday/Holiday,380928,340202,721130
2014-11-24,Weekday,857759,746052,1603811
2014-11-25,Weekday,889039,780322,1669361
2014-11-26,Weekday,738720,652762,1391482
2014-11-27,Sunday/Holiday,285946,233318,519264
2014-11-28,Weekday,525696,424837,950533
2014-11-29,Saturday,493851,417770,911621
2014-11-30,Sunday/Holiday,367831,311435,679266
2014-12-01,Weekday,912722,743704,1656426
2014-12-02,Weekday,926053,766316,1692369
2014-12-03,Weekday,964141,782753,1746894
2014-12-04,Weekday,939372,804113,1743485
2014-12-05,Weekday,937187,800885,1738072
2014-12-06,Saturday,569561,490865,1060426
2014-12-07,Sunday/Holiday,397656,334688,732344
2014-12-08,Weekday,882998,734002,1617000
2014-12-09,Weekday,911402,758780,1670182
2014-12-10,Weekday,914038,763277,1677315
2014-12-11,Weekday,922765,774798,1697563
2014-12-12,Weekday,912339,773048,1685387
2014-12-13,Saturday,575613,498945,1074558
2014-12-14,Sunday/Holiday,418122,357042,775164
2014-12-15,Weekday,871449,725989,1597438
2014-12-16,Weekday,875970,729798,1605768
2014-12-17,Weekday,868378,720814,1589192
2014-12-18,Weekday,867861,722656,1590517
2014-12-19,Weekday,857137,716221,1573358
2014-12-20,Saturday,537820,436322,974142
2014-12-21,Sunday/Holiday,397000,332367,729367
2014-12-22,Weekday,705765,619508,1325273
2014-12-23,Weekday,720116,617728,1337844
2014-12-24,Weekday,549046,388742,937788
2014-12-25,Sunday/Holiday,238015,159831,397846
2014-12-26,Weekday,569843,422543,992386
2014-12-27,Saturday,449446,337243,786689
2014-12-28,Sunday/Holiday,353263,283343,636606
2014-12-29,Weekday,654612,559416,1214028
2014-12-30,Weekday,646243,567099,1213342
2014-12-31,Weekday,599316,642981,1242297
2015-01-01,Sunday/Holiday,300426,287754,588180
2015-01-02,Weekday,656375,527583,1183958
2015-01-03,Saturday,441327,340135,781462
2015-01-04,Sunday/Holiday,330082,267676,597758
2015-01-05,Weekday,753918,657877,1411795
2015-01-06,Weekday,771953,679913,1451866
2015-01-07,Weekday,508815,509075,1017890
2015-01-08,Weekday,558275,579994,1138269
2015-01-09,Weekday,715334,639901,1355235
2015-01-10,Saturday,435672,352140,787812
2015-01-11,Sunday/Holiday,349027,279494,628521
2015-01-12,Weekday,871183,738697,1609880
2015-01-13,Weekday,881226,743774,1625000
2015-01-14,Weekday,885449,742410,1627859
2015-01-15,Weekday,899363,760336,1659699
2015-01-16,Weekday,898222,748177,1646399
2015-01-17,Saturday,539500,417756,957256
2015-01-18,Sunday/Holiday,391445,300710,692155
2015-01-19,Weekday,597347,502376,1099723
2015-01-20,Weekday,913930,754946,1668876
2015-01-21,Weekday,905178,756860,1662038
2015-01-22,Weekday,903230,761705,1664935
2015-01-23,Weekday,902567,747376,1649943
2015-01-24,Saturday,538766,415123,953889
2015-01-25,Sunday/Holiday,339402,279154,618556
2015-01-26,Weekday,896430,738965,1635395
2015-01-27,Weekday,913448,764457,1677905
2015-01-28,Weekday,922297,763680,1685977
2015-01-29,Weekday,898174,760217,1658391
2015-01-30,Weekday,933971,754968,1688939
2015-01-31,Saturday,551745,419577,971322
2015-02-01,Sunday/Holiday,293689,270615,564304
2015-02-02,Weekday,632367,563770,1196137
2015-02-03,Weekday,947457,806148,1753605
2015-02-04,Weekday,957218,791399,1748617
2015-02-05,Weekday,932148,780378,1712526
2015-02-06,Weekday,959648,768091,1727739
2015-02-07,Saturday,600789,439214,1040003
2015-02-08,Sunday/Holiday,399923,298701,698624
2015-02-09,Weekday,936475,750136,1686611
2015-02-10,Weekday,965833,772727,1738560
2015-02-11,Weekday,966071,770885,1736956
2015-02-12,Weekday,883395,729249,1612644
2015-02-13,Weekday,911949,740559,1652508
2015-02-14,Saturday,514916,380652,895568
2015-02-15,Sunday/Holiday,336299,276160,612459
2015-02-16,Weekday,652807,547767,1200574
2015-02-17,Weekday,912529,745575,1658104
2015-02-18,Weekday,833785,707746,1541531
2015-02-19,Weekday,576326,575180,1151506
2015-02-20,Weekday,847700,697600,1545300
2015-02-21,Saturday,565948,410400,976348
2015-02-22,Sunday/Holiday,378733,299663,678396
2015-02-23,Weekday,857014,700742,1557756
2015-02-24,Weekday,901872,728674,1630546
2015-02-25,Weekday,905748,752497,1658245
2015-02-26,Weekday,857402,755359,1612761
2015-02-27,Weekday,903421,736663,1640084
2015-02-28,Saturday,542479,405241,947720
2015-03-01,Sunday/Holiday,383971,293964,677935
2015-03-02,Weekday,912384,715945,1628329
2015-03-03,Weekday,904439,735951,1640390
2015-03-04,Weekday,928771,750369,1679140
2015-03-05,Weekday,909192,744229,1653421
2015-03-06,Weekday,909446,732902,1642348
2015-03-07,Saturday,585771,427330,1013101
2015-03-08,Sunday/Holiday,399324,309962,709286
2015-03-09,Weekday,935951,752995,1688946
2015-03-10,Weekday,953173,767551,1720724
2015-03-11,Weekday,955083,778171,1733254
2015-03-12,Weekday,953310,790210,1743520
2015-03-13,Weekday,950690,801547,1752237
2015-03-14,Saturday,605758,673707,1279465
2015-03-15,Sunday/Holiday,432055,362045,794100
2015-03-16,Weekday,939583,768218,1707801
2015-03-17,Weekday,934438,770081,1704519
2015-03-18,Weekday,937056,771625,1708681
2015-03-19,Weekday,928929,771127,1700056
2015-03-20,Weekday,932331,760906,1693237
2015-03-21,Saturday,566447,447493,1013940
2015-03-22,Sunday/Holiday,383134,306283,689417
2015-03-23,Weekday,817246,693264,1510510
2015-03-24,Weekday,904344,727888,1632232
2015-03-25,Weekday,916538,734311,1650849
2015-03-26,Weekday,925361,736687,1662048
2015-03-27,Weekday,888293,726738,1615031
2015-03-28,Saturday,539031,429689,968720
2015-03-29,Sunday/Holiday,362329,325865,688194
2015-03-30,Weekday,903992,736692,1640684
2015-03-31,Weekday,922487,753405,1675892
2015-04-01,Weekday,974353,784085,1758438
2015-04-02,Weekday,897550,761806,1659356
2015-04-03,Weekday,814328,681130,1495458
2015-04-04,Saturday,582015,427101,1009116
2015-04-05,Sunday/Holiday,393690,327292,720982
2015-04-06,Weekday,807389,711923,1519312
2015-04-07,Weekday,813597,727328,1540925
2015-04-08,Weekday,822289,750275,1572564
2015-04-09,Weekday,748326,711033,1459359
2015-04-10,Weekday,828661,757159,1585820
2015-04-11,Saturday,586791,469045,1055836
2015-04-12,Sunday/Holiday,410420,332334,742754
2015-04-13,Weekday,908654,767492,1676146
2015-04-14,Weekday,946490,796083,1742573
2015-04-15,Weekday,904861,796244,1701105
2015-04-16,Weekday,890058,791213,1681271
2015-04-17,Weekday,936814,818272,1755086
2015-04-18,Saturday,599954,503902,1103856
2015-04-19,Sunday/Holiday,394676,338222,732898
2015-04-20,Weekday,907393,762726,1670119
2015-04-21,Weekday,931681,779658,1711339
2015-04-22,Weekday,925517,780432,1705949
2015-04-23,Weekday,935537,799888,1735425
2015-04-24,Weekday,912926,782626,1695552
2015-04-25,Saturday,496407,435893,932300
2015-04-26,Sunday/Holiday,419729,352658,772387
2015-04-27,Weekday,925541,769888,1695429
2015-04-28,Weekday,941909,789018,1730927
2015-04-29,Weekday,934550,793551,1728101
2015-04-30,Weekday,923564,817167,1740731
2015-05-01,Weekday,993931,835711,1829642
2015-05-02,Saturday,629640,548837,1178477
2015-05-03,Sunday/Holiday,435591,379014,814605
2015-05-04,Weekday,933337,756442,1689779
2015-05-05,Weekday,918652,769751,1688403
2015-05-06,Weekday,951886,789988,1741874
2015-05-07,Weekday,956437,810302,1766739
2015-05-08,Weekday,916218,780602,1696820
2015-05-09,Saturday,572064,455436,1027500
2015-05-10,Sunday/Holiday,385323,315215,700538
2015-05-11,Weekday,869148,743353,1612501
2015-05-12,Weekday,904654,770185,1674839
2015-05-13,Weekday,926402,784501,1710903
2015-05-14,Weekday,912634,795093,1707727
2015-05-15,Weekday,921190,804671,1725861
2015-05-16,Saturday,561092,493377,1054469
2015-05-17,Sunday/Holiday,415263,373832,789095
2015-05-18,Weekday,908842,761991,1670833
2015-05-19,Weekday,902867,759919,1662786
2015-05-20,Weekday,906942,760399,1667341
2015-05-21,Weekday,921476,784762,1706238
2015-05-22,Weekday,908692,760362,1669054
2015-05-23,Saturday,575386,501879,1077265
2015-05-24,Sunday/Holiday,401488,366008,767496
2015-05-25,Sunday/Holiday,397951,357227,755178
2015-05-26,Weekday,878946,743291,1622237
2015-05-27,Weekday,921204,783749,1704953
2015-05-28,Weekday,925094,787104,1712198
2015-05-29,Weekday,892551,800510,1693061
2015-05-30,Saturday,481814,428464,910278
2015-05-31,Sunday/Holiday,388866,351159,740025
2015-06-01,Weekday,942997,757975,1700972
2015-06-02,Weekday,933346,779073,1712419
2015-06-03,Weekday,964899,794693,1759592
2015-06-04,Weekday,938834,797464,1736298
2015-06-05,Weekday,919157,784462,1703619
2015-06-06,Saturday,606641,511352,1117993
2015-06-07,Sunday/Holiday,388946,337748,726694
2015-06-08,Weekday,891851,759176,1651027
2015-06-09,Weekday,932006,792806,1724812
2015-06-10,Weekday,915049,801607,1716656
2015-06-11,Weekday,898644,811432,1710076
2015-06-12,Weekday,854059,812194,1666253
2015-06-13,Saturday,590950,566965,1157915
2015-06-14,Sunday/Holiday,419317,407107,826424
2015-06-15,Weekday,817931,774439,1592370
2015-06-16,Weekday,911783,818185,1729968
2015-06-17,Weekday,869500,775968,1645468
2015-06-18,Weekday,867529,914768,1782297
2015-06-19,Weekday,893122,813552,1706674
2015-06-20,Saturday,563855,500734,1064589
2015-06-21,Sunday/Holiday,439513,390557,830070
2015-06-22,Weekday,759346,731448,1490794
2015-06-23,Weekday,840211,794064,1634275
2015-06-24,Weekday,821308,787858,1609166
2015-06-25,Weekday,808260,791423,1599683
2015-06-26,Weekday,773954,748661,1522615
2015-06-27,Saturday,570969,509237,1080206
2015-06-28,Sunday/Holiday,439944,577866,1017810
2015-06-29,Weekday,797072,730941,1528013
2015-06-30,Weekday,835118,751277,1586395
2015-07-01,Weekday,886380,762718,1649098
2015-07-02,Weekday,850667,773838,1624505
2015-07-03,Sunday/Holiday,602599,612736,1215335
2015-07-04,Saturday,508110,545727,1053837
2015-07-05,Sunday/Holiday,427090,435680,862770
2015-07-06,Weekday,816338,770918,1587256
2015-07-07,Weekday,834983,794300,1629283
2015-07-08,Weekday,848028,813381,1661409
2015-07-09,Weekday,856253,834100,1690353
2015-07-10,Weekday,858745,851630,1710375
2015-07-11,Saturday,575848,560642,1136490
2015-07-12,Sunday/Holiday,457477,468153,925630
2015-07-13,Weekday,784509,727235,1511744
2015-07-14,Weekday,836909,760527,1597436
2015-07-15,Weekday,859672,775047,1634719
2015-07-16,Weekday,802468,762144,1564612
2015-07-17,Weekday,822257,809549,1631806
2015-07-18,Saturday,529845,515769,1045614
2015-07-19,Sunday/Holiday,440059,443655,883714
2015-07-20,Weekday,819425,749387,1568812
2015-07-21,Weekday,848416,782194,1630610
2015-07-22,Weekday,844761,785763,1630524
2015-07-23,Weekday,844483,783822,1628305
2015-07-24,Weekday,830024,818410,1648434
2015-07-25,Saturday,573827,539665,1113492
2015-07-26,Sunday/Holiday,419005,402975,821980
2015-07-27,Weekday,820529,760311,1580840
2015-07-28,Weekday,827024,782394,1609418
2015-07-29,Weekday,814733,820373,1635106
2015-07-30,Weekday,825894,811903,1637797
2015-07-31,Weekday,834790,871817,1706607
2015-08-01,Saturday,574270,587633,1161903
2015-08-02,Sunday/Holiday,425896,469421,895317
2015-08-03,Weekday,833632,751771,1585403
2015-08-04,Weekday,839704,762573,1602277
2015-08-05,Weekday,831758,765442,1597200
2015-08-06,Weekday,825012,795399,1620411
2015-08-07,Weekday,831076,798253,1629329
2015-08-08,Saturday,577878,534305,1112183
2015-08-09,Sunday/Holiday,414942,384961,799903
2015-08-10,Weekday,772518,716242,1488760
2015-08-11,Weekday,823620,770361,1593981
2015-08-12,Weekday,817244,772367,1589611
2015-08-13,Weekday,817948,790163,1608111
2015-08-14,Weekday,813718,760558,1574276
2015-08-15,Saturday,567544,517393,1084937
2015-08-16,Sunday/Holiday,448872,420453,869325
2015-08-17,Weekday,775836,708821,1484657
2015-08-18,Weekday,782272,745246,1527518
2015-08-19,Weekday,801496,768950,1570446
2015-08-20,Weekday,820929,778440,1599369
2015-08-21,Weekday,829744,785707,1615451
2015-08-22,Saturday,582295,519930,1102225
2015-08-23,Sunday/Holiday,412542,393966,806508
2015-08-24,Weekday,824140,774207,1598347
2015-08-25,Weekday,838405,768794,1607199
2015-08-26,Weekday,860821,774429,1635250
2015-08-27,Weekday,858460,803728,1662188
2015-08-28,Weekday,841111,770482,1611593
2015-08-29,Saturday,520511,468675,989186
2015-08-30,Sunday/Holiday,417777,371923,789700
2015-08-31,Weekday,836125,771622,1607747
2015-09-01,Weekday,909864,799606,1709470
2015-09-02,Weekday,882052,792561,1674613
2015-09-03,Weekday,907453,800062,1707515
2015-09-04,Weekday,869966,802219,1672185
2015-09-05,Saturday,571868,528694,1100562
2015-09-06,Sunday/Holiday,452841,452445,905286
2015-09-07,Sunday/Holiday,419206,362421,781627
2015-09-08,Weekday,885886,756110,1641996
2015-09-09,Weekday,966510,821823,1788333
2015-09-10,Weekday,928707,823661,1752368
2015-09-11,Weekday,924272,872323,1796595
2015-09-12,Saturday,553239,530282,1083521
2015-09-13,Sunday/Holiday,423559,417183,840742
2015-09-14,Weekday,930582,803746,1734328
2015-09-15,Weekday,956026,853826,1809852
2015-09-16,Weekday,956622,840594,1797216
2015-09-17,Weekday,927771,851514,1779285
2015-09-18,Weekday,895702,853094,1748796
2015-09-19,Saturday,558990,557919,1116909
2015-09-20,Sunday/Holiday,433770,428858,862628
2015-09-21,Weekday,935471,837061,1772532
2015-09-22,Weekday,947566,842632,1790198
2015-09-23,Weekday,942933,838495,1781428
2015-09-24,Weekday,942518,835403,1777921
2015-09-25,Weekday,951827,863209,1815036
2015-09-26,Saturday,598862,565634,1164496
2015-09-27,Sunday/Holiday,422542,406802,829344
2015-09-28,Weekday,929278,829791,1759069
2015-09-29,Weekday,914286,822855,1737141
2015-09-30,Weekday,946374,835001,1781375
2015-10-01,Weekday,993576,848050,1841626
2015-10-02,Weekday,981039,837159,1818198
2015-10-03,Saturday,571153,488574,1059727
2015-10-04,Sunday/Holiday,417529,371950,789479
2015-10-05,Weekday,948999,805091,1754090
2015-10-06,Weekday,967808,831137,1798945
2015-10-07,Weekday,970204,854361,1824565
2015-10-08,Weekday,959798,851423,1811221
2015-10-09,Weekday,931769,854606,1786375
2015-10-10,Saturday,577667,541173,1118840
2015-10-11,Sunday/Holiday,400140,558033,958173
2015-10-12,Weekday,759254,776968,1536222
2015-10-13,Weekday,947941,873747,1821688
2015-10-14,Weekday,954519,845066,1799585
2015-10-15,Weekday,946290,860809,1807099
2015-10-16,Weekday,936818,855252,1792070
2015-10-17,Saturday,578160,546096,1124256
2015-10-18,Sunday/Holiday,415455,392712,808167
2015-10-19,Weekday,930236,819286,1749522
2015-10-20,Weekday,950953,875792,1826745
2015-10-21,Weekday,955633,882188,1837821
2015-10-22,Weekday,942983,852957,1795940
2015-10-23,Weekday,915489,828812,1744301
2015-10-24,Saturday,556146,492083,1048229
2015-10-25,Sunday/Holiday,415182,368100,783282
2015-10-26,Weekday,929741,805144,1734885
2015-10-27,Weekday,916953,824772,1741725
2015-10-28,Weekday,910794,826173,1736967
2015-10-29,Weekday,916453,837868,1754321
2015-10-30,Weekday,949185,840246,1789431
2015-10-31,Saturday,500004,418362,918366
2015-11-01,Sunday/Holiday,436791,378873,815664
2015-11-02,Weekday,940464,817657,1758121
2015-11-03,Weekday,987382,830460,1817842
2015-11-04,Weekday,956176,842035,1798211
2015-11-05,Weekday,942300,851684,1793984
2015-11-06,Weekday,925054,832872,1757926
2015-11-07,Saturday,573470,496404,1069874
2015-11-08,Sunday/Holiday,414784,379185,793969
2015-11-09,Weekday,923927,811177,1735104
2015-11-10,Weekday,940362,832141,1772503
2015-11-11,Weekday,755234,738828,1494062
2015-11-12,Weekday,879349,820988,1700337
2015-11-13,Weekday,837532,804273,1641805
2015-11-14,Saturday,545554,475091,1020645
2015-11-15,Sunday/Holiday,411704,352488,764192
2015-11-16,Weekday,908305,797597,1705902
2015-11-17,Weekday,880013,801291,1681304
2015-11-18,Weekday,893671,808901,1702572
2015-11-19,Weekday,884290,811595,1695885
2015-11-20,Weekday,894949,812590,1707539
2015-11-21,Saturday,429624,469943,899567
2015-11-22,Sunday/Holiday,356953,338408,695361
2015-11-23,Weekday,877236,781545,1658781
2015-11-24,Weekday,898177,805812,1703989
2015-11-25,Weekday,735265,667707,1402972
2015-11-26,Sunday/Holiday,288282,234285,522567
2015-11-27,Weekday,443089,410220,853309
2015-11-28,Saturday,459598,396926,856524
2015-11-29,Sunday/Holiday,365314,312990,678304
2015-11-30,Weekday,870662,756626,1627288
2015-12-01,Weekday,949925,794768,1744693
2015-12-02,Weekday,906715,792020,1698735
2015-12-03,Weekday,940609,807065,1747674
2015-12-04,Weekday,930083,815301,1745384
2015-12-05,Saturday,566882,501339,1068221
2015-12-06,Sunday/Holiday,411174,360066,771240
2015-12-07,Weekday,898172,758242,1656414
2015-12-08,Weekday,910018,775695,1685713
2015-12-09,Weekday,916281,789224,1705505
2015-12-10,Weekday,909606,796080,1705686
2015-12-11,Weekday,912854,801907,1714761
2015-12-12,Saturday,541305,491199,1032504
2015-12-13,Sunday/Holiday,383666,344084,727750
2015-12-14,Weekday,849106,728299,1577405
2015-12-15,Weekday,884506,755882,1640388
2015-12-16,Weekday,871638,755292,1626930
2015-12-17,Weekday,864846,752203,1617049
2015-12-18,Weekday,846033,738908,1584941
2015-12-19,Saturday,506208,423960,930168
2015-12-20,Sunday/Holiday,392051,326681,718732
2015-12-21,Weekday,696473,644071,1340544
2015-12-22,Weekday,722061,664559,1386620
2015-12-23,Weekday,654312,571814,1226126
2015-12-24,Weekday,531521,378784,910305
2015-12-25,Sunday/Holiday,231718,162100,393818
2015-12-26,Saturday,387357,292832,680189
2015-12-27,Sunday/Holiday,334737,272169,606906
2015-12-28,Weekday,514171,484349,998520
2015-12-29,Weekday,638221,571322,1209543
2015-12-30,Weekday,636706,585337,1222043
2015-12-31,Weekday,604409,565772,1170181
2016-01-01,Sunday/Holiday,303321,319835,623156
2016-01-02,Saturday,448859,365509,814368
2016-01-03,Sunday/Holiday,340540,287661,628201
2016-01-04,Weekday,829429,703185,1532614
2016-01-05,Weekday,846789,727716,1574505
2016-01-06,Weekday,853904,733167,1587071
2016-01-07,Weekday,846274,736809,1583083
2016-01-08,Weekday,841494,732495,1573989
2016-01-09,Saturday,469539,391597,861136
2016-01-10,Sunday/Holiday,306896,263073,569969
2016-01-11,Weekday,753006,694734,1447740
2016-01-12,Weekday,760149,705694,1465843
2016-01-13,Weekday,787220,716663,1503883
2016-01-14,Weekday,859099,758116,1617215
2016-01-15,Weekday,858032,742622,1600654
2016-01-16,Saturday,486797,404212,891009
2016-01-17,Sunday/Holiday,266532,241160,507692
2016-01-18,Weekday,439597,405686,845283
2016-01-19,Weekday,810646,727458,1538104
2016-01-20,Weekday,856911,758524,1615435
2016-01-21,Weekday,873177,766262,1639439
2016-01-22,Weekday,841282,745168,1586450
2016-01-23,Saturday,487975,416999,904974
2016-01-24,Sunday/Holiday,352859,293804,646663
2016-01-25,Weekday,865486,751104,1616590
2016-01-26,Weekday,872768,764023,1636791
2016-01-27,Weekday,882832,768241,1651073
2016-01-28,Weekday,877280,771161,1648441
2016-01-29,Weekday,863548,751090,1614638
2016-01-30,Saturday,510514,427874,938388
2016-01-31,Sunday/Holiday,358361,293056,651417
2016-02-01,Weekday,926781,759849,1686630
2016-02-02,Weekday,833911,739247,1573158
2016-02-03,Weekday,925655,772821,1698476
2016-02-04,Weekday,901406,778227,1679633
2016-02-05,Weekday,785587,731495,1517082
2016-02-06,Saturday,522296,423602,945898
2016-02-07,Sunday/Holiday,377642,301141,678783
2016-02-08,Weekday,856547,733387,1589934
2016-02-09,Weekday,858961,752849,1611810
2016-02-10,Weekday,850090,742445,1592535
2016-02-11,Weekday,866884,752703,1619587
2016-02-12,Weekday,820833,706242,1527075
2016-02-13,Saturday,438203,392095,830298
2016-02-14,Sunday/Holiday,339238,314191,653429
2016-02-15,Weekday,605584,548390,1153974
2016-02-16,Weekday,883108,764147,1647255
2016-02-17,Weekday,889758,766940,1656698
2016-02-18,Weekday,890627,773317,1663944
2016-02-19,Weekday,887914,761996,1649910
2016-02-20,Saturday,566721,464149,1030870
2016-02-21,Sunday/Holiday,378769,311190,689959
2016-02-22,Weekday,869531,745072,1614603
2016-02-23,Weekday,890949,765309,1656258
2016-02-24,Weekday,795160,725712,1520872
2016-02-25,Weekday,855117,762858,1617975
2016-02-26,Weekday,865397,749991,1615388
2016-02-27,Saturday,536678,455421,992099
2016-02-28,Sunday/Holiday,385121,323758,708879
2016-02-29,Weekday,862380,742972,1605352
2016-03-01,Weekday,859775,741922,1601697
2016-03-02,Weekday,878633,760062,1638695
2016-03-03,Weekday,882188,764033,1646221
2016-03-04,Weekday,883059,754750,1637809
2016-03-05,Saturday,503983,421193,925176
2016-03-06,Sunday/Holiday,393610,327173,720783
2016-03-07,Weekday,866171,739174,1605345
2016-03-08,Weekday,902888,781301,1684189
2016-03-09,Weekday,882030,768961,1650991
2016-03-10,Weekday,888084,780687,1668771
2016-03-11,Weekday,886599,797977,1684576
2016-03-12,Saturday,542246,605182,1147428
2016-03-13,Sunday/Holiday,332203,303129,635332
2016-03-14,Weekday,870740,766595,1637335
2016-03-15,Weekday,887592,769441,1657033
2016-03-16,Weekday,876232,779846,1656078
2016-03-17,Weekday,891580,793590,1685170
2016-03-18,Weekday,875707,765919,1641626
2016-03-19,Saturday,520426,438020,958446
2016-03-20,Sunday/Holiday,388282,318670,706952
2016-03-21,Weekday,845669,707127,1552796
2016-03-22,Weekday,863201,727343,1590544
2016-03-23,Weekday,838201,714672,1552873
2016-03-24,Weekday,770638,689517,1460155
2016-03-25,Weekday,722960,650870,1373830
2016-03-26,Saturday,518549,415919,934468
2016-03-27,Sunday/Holiday,342269,278098,620367
2016-03-28,Weekday,842760,731858,1574618
2016-03-29,Weekday,891134,766072,1657206
2016-03-30,Weekday,860700,750353,1611053
2016-03-31,Weekday,832775,758014,1590789
2016-04-01,Weekday,848592,767974,1616566
2016-04-02,Saturday,492072,406616,898688
2016-04-03,Sunday/Holiday,396042,345432,741474
2016-04-04,Weekday,857791,741710,1599501
2016-04-05,Weekday,898889,774877,1673766
2016-04-06,Weekday,851050,763128,1614178
2016-04-07,Weekday,867670,786281,1653951
2016-04-08,Weekday,782419,753786,1536205
2016-04-09,Saturday,509980,446082,956062
2016-04-10,Sunday/Holiday,345627,301954,647581
2016-04-11,Weekday,878043,789042,1667085
2016-04-12,Weekday,886265,777658,1663923
2016-04-13,Weekday,850705,796616,1647321
2016-04-14,Weekday,863513,805071,1668584
2016-04-15,Weekday,881603,806015,1687618
2016-04-16,Saturday,554744,505299,1060043
2016-04-17,Sunday/Holiday,409732,376485,786217
2016-04-18,Weekday,785035,732335,1517370
2016-04-19,Weekday,765854,741141,1506995
2016-04-20,Weekday,774694,745040,1519734
2016-04-21,Weekday,768704,754746,1523450
2016-04-22,Weekday,745475,721051,1466526
2016-04-23,Saturday,503944,445282,949226
2016-04-24,Sunday/Holiday,397080,343644,740724
2016-04-25,Weekday,854155,751951,1606106
2016-04-26,Weekday,862743,782134,1644877
2016-04-27,Weekday,856722,782591,1639313
2016-04-28,Weekday,851720,821158,1672878
2016-04-29,Weekday,893284,815629,1708913
2016-04-30,Saturday,474138,416588,890726
2016-05-01,Sunday/Holiday,376131,334275,710406
2016-05-02,Weekday,878407,751259,1629666
2016-05-03,Weekday,879141,769834,1648975
2016-05-04,Weekday,879217,767760,1646977
2016-05-05,Weekday,898541,818665,1717206
2016-05-06,Weekday,877873,814758,1692631
2016-05-07,Saturday,512770,484312,997082
2016-05-08,Sunday/Holiday,393146,357946,751092
2016-05-09,Weekday,815440,736551,1551991
2016-05-10,Weekday,827322,761469,1588791
2016-05-11,Weekday,873275,804156,1677431
2016-05-12,Weekday,849532,775198,1624730
2016-05-13,Weekday,852594,787476,1640070
2016-05-14,Saturday,497514,455838,953352
2016-05-15,Sunday/Holiday,384799,360008,744807
2016-05-16,Weekday,836089,730287,1566376
2016-05-17,Weekday,839788,748287,1588075
2016-05-18,Weekday,856701,757395,1614096
2016-05-19,Weekday,855438,772464,1627902
2016-05-20,Weekday,834308,756160,1590468
2016-05-21,Saturday,513934,460385,974319
2016-05-22,Sunday/Holiday,393684,357897,751581
2016-05-23,Weekday,839566,748976,1588542
2016-05-24,Weekday,854725,767439,1622164
2016-05-25,Weekday,833427,754244,1587671
2016-05-26,Weekday,853656,775073,1628729
2016-05-27,Weekday,808244,757981,1566225
2016-05-28,Saturday,500775,532343,1033118
2016-05-29,Sunday/Holiday,409978,430982,840960
2016-05-30,Sunday/Holiday,394914,389143,784057
2016-05-31,Weekday,801439,753953,1555392
2016-06-01,Weekday,872679,788650,1661329
2016-06-02,Weekday,873112,815928,1689040
2016-06-03,Weekday,892290,824890,1717180
2016-06-04,Saturday,504778,462308,967086
2016-06-05,Sunday/Holiday,415836,395977,811813
2016-06-06,Weekday,854036,762707,1616743
2016-06-07,Weekday,863284,795251,1658535
2016-06-08,Weekday,866785,791667,1658452
2016-06-09,Weekday,828551,789678,1618229
2016-06-10,Weekday,862529,853441,1715970
2016-06-11,Saturday,530558,542809,1073367
2016-06-12,Sunday/Holiday,409577,414048,823625
2016-06-13,Weekday,827684,760210,1587894
2016-06-14,Weekday,834141,778823,1612964
2016-06-15,Weekday,845450,786422,1631872
2016-06-16,Weekday,832864,777260,1610124
2016-06-17,Weekday,832088,818467,1650555
2016-06-18,Saturday,526402,520856,1047258
2016-06-19,Sunday/Holiday,405719,396078,801797
2016-06-20,Weekday,785446,762810,1548256
2016-06-21,Weekday,834157,810149,1644306
2016-06-22,Weekday,707452,755165,1462617
2016-06-23,Weekday,757817,760840,1518657
2016-06-24,Weekday,762562,781653,1544215
2016-06-25,Saturday,531261,506223,1037484
2016-06-26,Sunday/Holiday,380689,453679,834368
2016-06-27,Weekday,753543,723488,1477031
2016-06-28,Weekday,771611,748753,1520364
2016-06-29,Weekday,774728,754918,1529646
2016-06-30,Weekday,763112,783020,1546132
2016-07-01,Weekday,798706,726939,1525645
2016-07-02,Saturday,530654,448200,978854
2016-07-03,Sunday/Holiday,415172,376896,792068
2016-07-04,Sunday/Holiday,393858,410925,804783
2016-07-05,Weekday,769179,735491,1504670
2016-07-06,Weekday,771626,788995,1560621
2016-07-07,Weekday,769513,774128,1543641
2016-07-08,Weekday,786823,790177,1577000
2016-07-09,Saturday,536269,515738,1052007
2016-07-10,Sunday/Holiday,409685,397778,807463
2016-07-11,Weekday,769128,739158,1508286
2016-07-12,Weekday,782892,749136,1532028
2016-07-13,Weekday,762764,742502,1505266
2016-07-14,Weekday,794813,775495,1570308
2016-07-15,Weekday,769172,804635,1573807
2016-07-16,Saturday,529240,528345,1057585
2016-07-17,Sunday/Holiday,372190,409174,781364
2016-07-18,Weekday,774239,768719,1542958
2016-07-19,Weekday,795162,797424,1592586
2016-07-20,Weekday,788803,794496,1583299
2016-07-21,Weekday,737845,753156,1491001
2016-07-22,Weekday,745409,747479,1492888
2016-07-23,Saturday,472199,457178,929377
2016-07-24,Sunday/Holiday,370394,346616,717010
2016-07-25,Weekday,757860,744827,1502687
2016-07-26,Weekday,786060,777948,1564008
2016-07-27,Weekday,789537,831925,1621462
2016-07-28,Weekday,745499,867964,1613463
2016-07-29,Weekday,739138,868062,1607200
2016-07-30,Saturday,503786,576267,1080053
2016-07-31,Sunday/Holiday,400504,472314,872818
2016-08-01,Weekday,805970,779020,1584990
2016-08-02,Weekday,795778,779493,1575271
2016-08-03,Weekday,822281,785246,1607527
2016-08-04,Weekday,783253,755236,1538489
2016-08-05,Weekday,779186,747672,1526858
2016-08-06,Saturday,539382,467180,1006562
2016-08-07,Sunday/Holiday,398288,355693,753981
2016-08-08,Weekday,759970,707087,1467057
2016-08-09,Weekday,781438,769199,1550637
2016-08-10,Weekday,777389,765854,1543243
2016-08-11,Weekday,767967,775031,1542998
2016-08-12,Weekday,700723,715035,1415758
2016-08-13,Saturday,522972,488035,1011007
2016-08-14,Sunday/Holiday,402523,380801,783324
2016-08-15,Weekday,718167,688590,1406757
2016-08-16,Weekday,762943,764267,1527210
2016-08-17,Weekday,759254,747942,1507196
2016-08-18,Weekday,740297,743427,1483724
2016-08-19,Weekday,743211,718317,1461528
2016-08-20,Saturday,480928,445798,926726
2016-08-21,Sunday/Holiday,417057,396317,813374
2016-08-22,Weekday,764690,744165,1508855
2016-08-23,Weekday,784341,744176,1528517
2016-08-24,Weekday,751955,721826,1473781
2016-08-25,Weekday,775862,737801,1513663
2016-08-26,Weekday,797432,768053,1565485
2016-08-27,Saturday,501883,451497,953380
2016-08-28,Sunday/Holiday,395954,343853,739807
2016-08-29,Weekday,781400,750329,1531729
2016-08-30,Weekday,791868,767220,1559088
2016-08-31,Weekday,815110,779334,1594444
2016-09-01,Weekday,847144,784336,1631480
2016-09-02,Weekday,838151,777158,1615309
2016-09-03,Saturday,542836,509314,1052150
2016-09-04,Sunday/Holiday,427194,421479,848673
2016-09-05,Sunday/Holiday,399846,347259,747105
2016-09-06,Weekday,910863,760434,1671297
2016-09-07,Weekday,885587,785121,1670708
2016-09-08,Weekday,882599,797585,1680184
2016-09-09,Weekday,879935,784678,1664613
2016-09-10,Saturday,510845,465562,976407
2016-09-11,Sunday/Holiday,397693,354732,752425
2016-09-12,Weekday,886146,784139,1670285
2016-09-13,Weekday,904869,811807,1716676
2016-09-14,Weekday,898125,812240,1710365
2016-09-15,Weekday,907872,862105,1769977
2016-09-16,Weekday,889307,843488,1732795
2016-09-17,Saturday,537329,524421,1061750
2016-09-18,Sunday/Holiday,401077,402811,803888
2016-09-19,Weekday,894210,816014,1710224
2016-09-20,Weekday,895184,826518,1721702
2016-09-21,Weekday,863211,814264,1677475
2016-09-22,Weekday,897609,814897,1712506
2016-09-23,Weekday,880748,832417,1713165
2016-09-24,Saturday,539037,529457,1068494
2016-09-25,Sunday/Holiday,394810,380403,775213
2016-09-26,Weekday,884989,787408,1672397
2016-09-27,Weekday,889769,795780,1685549
2016-09-28,Weekday,855499,787727,1643226
2016-09-29,Weekday,870533,799130,1669663
2016-09-30,Weekday,889641,787112,1676753
2016-10-01,Saturday,511504,445272,956776
2016-10-02,Sunday/Holiday,391845,351589,743434
2016-10-03,Weekday,912435,775906,1688341
2016-10-04,Weekday,919088,799529,1718617
2016-10-05,Weekday,915987,815309,1731296
2016-10-06,Weekday,858960,817595,1676555
2016-10-07,Weekday,888731,877814,1766545
2016-10-08,Saturday,537610,546072,1083682
2016-10-09,Sunday/Holiday,368515,528189,896704
2016-10-10,Weekday,714940,708958,1423898
2016-10-11,Weekday,884539,805839,1690378
2016-10-12,Weekday,847394,785404,1632798
2016-10-13,Weekday,896918,828891,1725809
2016-10-14,Weekday,892797,818230,1711027
2016-10-15,Saturday,542187,535567,1077754
2016-10-16,Sunday/Holiday,385574,403090,788664
2016-10-17,Weekday,890736,791317,1682053
2016-10-18,Weekday,901884,810090,1711974
2016-10-19,Weekday,895104,807016,1702120
2016-10-20,Weekday,880209,812195,1692404
2016-10-21,Weekday,867704,800137,1667841
2016-10-22,Saturday,533242,566999,1100241
2016-10-23,Sunday/Holiday,388470,366503,754973
2016-10-24,Weekday,869861,779618,1649479
2016-10-25,Weekday,876768,801123,1677891
2016-10-26,Weekday,824006,782126,1606132
2016-10-27,Weekday,892963,822190,1715153
2016-10-28,Weekday,894311,918735,1813046
2016-10-29,Saturday,539098,627116,1166214
2016-10-30,Sunday/Holiday,377290,446582,823872
2016-10-31,Weekday,860741,797545,1658286
2016-11-01,Weekday,931276,815318,1746594
2016-11-02,Weekday,866812,842885,1709697
2016-11-03,Weekday,919828,891357,1811185
2016-11-04,Weekday,798901,1146516,1945417
2016-11-05,Saturday,536579,531687,1068266
2016-11-06,Sunday/Holiday,406215,380648,786863
2016-11-07,Weekday,887002,809878,1696880
2016-11-08,Weekday,880506,791870,1672376
2016-11-09,Weekday,865500,817596,1683096
2016-11-10,Weekday,842332,807250,1649582
2016-11-11,Weekday,715260,721083,1436343
2016-11-12,Saturday,500583,474411,974994
2016-11-13,Sunday/Holiday,369986,338339,708325
2016-11-14,Weekday,862939,775439,1638378
2016-11-15,Weekday,881225,797235,1678460
2016-11-16,Weekday,884662,801320,1685982
2016-11-17,Weekday,873693,811240,1684933
2016-11-18,Weekday,819907,792361,1612268
2016-11-19,Saturday,477472,501156,978628
2016-11-20,Sunday/Holiday,345895,315179,661074
2016-11-21,Weekday,844666,758214,1602880
2016-11-22,Weekday,837828,756704,1594532
2016-11-23,Weekday,661576,624827,1286403
2016-11-24,Sunday/Holiday,266241,219875,486116
2016-11-25,Weekday,496285,411245,907530
2016-11-26,Saturday,441384,383042,824426
2016-11-27,Sunday/Holiday,343504,302029,645533
2016-11-28,Weekday,801243,720824,1522067
2016-11-29,Weekday,871577,771348,1642925
2016-11-30,Weekday,852623,768149,1620772
2016-12-01,Weekday,885401,779287,1664688
2016-12-02,Weekday,882063,780569,1662632
2016-12-03,Saturday,517756,456762,974518
2016-12-04,Sunday/Holiday,333825,312904,646729
2016-12-05,Weekday,841336,735184,1576520
2016-12-06,Weekday,859470,745095,1604565
2016-12-07,Weekday,831766,745626,1577392
2016-12-08,Weekday,790418,724726,1515144
2016-12-09,Weekday,806718,730968,1537686
2016-12-10,Saturday,472855,424387,897242
2016-12-11,Sunday/Holiday,309743,291688,601431
2016-12-12,Weekday,787062,702745,1489807
2016-12-13,Weekday,785276,714038,1499314
2016-12-14,Weekday,734884,688959,1423843
2016-12-15,Weekday,617119,624213,1241332
2016-12-16,Weekday,744691,690845,1435536
2016-12-17,Saturday,445779,394366,840145
2016-12-18,Sunday/Holiday,270767,253184,523951
2016-12-19,Weekday,650356,607020,1257376
2016-12-20,Weekday,758686,668762,1427448
2016-12-21,Weekday,770713,665402,1436115
2016-12-22,Weekday,747188,635174,1382362
2016-12-23,Weekday,676407,516584,1192991
2016-12-24,Saturday,391140,253926,645066
2016-12-25,Sunday/Holiday,199220,131542,330762
2016-12-26,Sunday/Holiday,380189,292312,672501
2016-12-27,Weekday,575294,490822,1066116
2016-12-28,Weekday,611176,537443,1148619
2016-12-29,Weekday,593626,532909,1126535
2016-12-30,Weekday,628159,524474,1152633
2016-12-31,Saturday,433952,361268,795220
2017-01-01,Sunday/Holiday,277926,292472,570398
2017-01-02,Sunday/Holiday,371865,314798,686663
2017-01-03,Weekday,690503,650650,1341153
2017-01-04,Weekday,636491,639970,1276461
2017-01-05,Weekday,611987,629939,1241926
2017-01-06,Weekday,591800,600277,1192077
2017-01-07,Saturday,362508,319746,682254
2017-01-08,Sunday/Holiday,290096,244060,534156
2017-01-09,Weekday,781139,692776,1473915
2017-01-10,Weekday,773792,711194,1484986
2017-01-11,Weekday,803730,714551,1518281
2017-01-12,Weekday,777149,714212,1491361
2017-01-13,Weekday,771359,698254,1469613
2017-01-14,Saturday,429614,363554,793168
2017-01-15,Sunday/Holiday,328355,280852,609207
2017-01-16,Weekday,486791,435039,921830
2017-01-17,Weekday,829925,737976,1567901
2017-01-18,Weekday,835362,742180,1577542
2017-01-19,Weekday,823901,743065,1566966
2017-01-20,Weekday,798511,731616,1530127
2017-01-21,Saturday,488902,582031,1070933
2017-01-22,Sunday/Holiday,331138,272268,603406
2017-01-23,Weekday,817750,724078,1541828
2017-01-24,Weekday,834979,742724,1577703
2017-01-25,Weekday,831467,743587,1575054
2017-01-26,Weekday,823395,750472,1573867
2017-01-27,Weekday,792183,715515,1507698
2017-01-28,Saturday,439479,382131,821610
2017-01-29,Sunday/Holiday,304565,274728,579293
2017-01-30,Weekday,806014,715290,1521304
2017-01-31,Weekday,828074,741389,1569463
2017-02-01,Weekday,883845,750500,1634345
2017-02-02,Weekday,829125,736551,1565676
2017-02-03,Weekday,782899,690415,1473314
2017-02-04,Saturday,461743,370873,832616
2017-02-05,Sunday/Holiday,351708,282731,634439
2017-02-06,Weekday,838312,713858,1552170
2017-02-07,Weekday,827885,734586,1562471
2017-02-08,Weekday,841278,737535,1578813
2017-02-09,Weekday,815353,726872,1542225
2017-02-10,Weekday,832724,720483,1553207
2017-02-11,Saturday,497589,405211,902800
2017-02-12,Sunday/Holiday,358101,296805,654906
2017-02-13,Weekday,822007,702129,1524136
2017-02-14,Weekday,870130,752585,1622715
2017-02-15,Weekday,841181,735910,1577091
2017-02-16,Weekday,831398,738525,1569923
2017-02-17,Weekday,841425,738941,1580366
2017-02-18,Saturday,512205,447059,959264
2017-02-19,Sunday/Holiday,383581,328391,711972
2017-02-20,Weekday,623736,557822,1181558
2017-02-21,Weekday,848951,741773,1590724
2017-02-22,Weekday,873309,758299,1631608
2017-02-23,Weekday,850254,751257,1601511
2017-02-24,Weekday,820536,723532,1544068
2017-02-25,Saturday,449817,374595,824412
2017-02-26,Sunday/Holiday,350829,287405,638234
2017-02-27,Weekday,837214,720932,1558146
2017-02-28,Weekday,823654,730508,1554162
2017-03-01,Weekday,863043,742729,1605772
2017-03-02,Weekday,842926,741459,1584385
2017-03-03,Weekday,851128,729461,1580589
2017-03-04,Saturday,487500,401568,889068
2017-03-05,Sunday/Holiday,364977,298189,663166
2017-03-06,Weekday,823084,703811,1526895
2017-03-07,Weekday,862784,751315,1614099
2017-03-08,Weekday,858498,751336,1609834
2017-03-09,Weekday,841498,748709,1590207
2017-03-10,Weekday,816750,730837,1547587
2017-03-11,Saturday,459826,493451,953277
2017-03-12,Sunday/Holiday,336952,292240,629192
2017-03-13,Weekday,761376,703982,1465358
2017-03-14,Weekday,712423,727042,1439465
2017-03-15,Weekday,822423,748703,1571126
2017-03-16,Weekday,827779,758060,1585839
2017-03-17,Weekday,804320,732007,1536327
2017-03-18,Saturday,473609,404779,878388
2017-03-19,Sunday/Holiday,371042,304418,675460
2017-03-20,Weekday,802404,690624,1493028
2017-03-21,Weekday,835641,718304,1553945
2017-03-22,Weekday,816876,706282,1523158
2017-03-23,Weekday,802941,708026,1510967
2017-03-24,Weekday,821828,715787,1537615
2017-03-25,Saturday,414644,356083,770727
2017-03-26,Sunday/Holiday,340733,292995,633728
2017-03-27,Weekday,825472,724012,1549484
2017-03-28,Weekday,846658,748201,1594859
2017-03-29,Weekday,837430,745915,1583345
2017-03-30,Weekday,756598,718864,1475462
2017-03-31,Weekday,839312,737168,1576480
2017-04-01,Saturday,517493,433603,951096
2017-04-02,Sunday/Holiday,357643,319046,676689
2017-04-03,Weekday,840610,743301,1583911
2017-04-04,Weekday,873844,763221,1637065
2017-04-05,Weekday,755345,732462,1487807
2017-04-06,Weekday,822266,771468,1593734
2017-04-07,Weekday,765361,741568,1506929
2017-04-08,Saturday,508239,452426,960665
2017-04-09,Sunday/Holiday,388435,336277,724712
2017-04-10,Weekday,695555,708408,1403963
2017-04-11,Weekday,736309,720080,1456389
2017-04-12,Weekday,754940,757854,1512794
2017-04-13,Weekday,723724,745720,1469444
2017-04-14,Weekday,692506,676016,1368522
2017-04-15,Saturday,506929,453975,960904
2017-04-16,Sunday/Holiday,339738,293545,633283
2017-04-17,Weekday,809433,738426,1547859
2017-04-18,Weekday,848195,772115,1620310
2017-04-19,Weekday,811178,757251,1568429
2017-04-20,Weekday,797055,758119,1555174
2017-04-21,Weekday,819393,753932,1573325
2017-04-22,Saturday,493687,467485,961172
2017-04-23,Sunday/Holiday,373492,330832,704324
2017-04-24,Weekday,830257,736639,1566896
2017-04-25,Weekday,860569,761180,1621749
2017-04-26,Weekday,838762,757859,1596621
2017-04-27,Weekday,807318,748983,1556301
2017-04-28,Weekday,830500,740579,1571079
2017-04-29,Saturday,405068,364346,769414
2017-04-30,Sunday/Holiday,307608,269345,576953
2017-05-01,Weekday,847371,747837,1595208
2017-05-02,Weekday,846717,762139,1608856
2017-05-03,Weekday,890581,778089,1668670
2017-05-04,Weekday,836436,770199,1606635
2017-05-05,Weekday,840819,771492,1612311
2017-05-06,Saturday,502922,460695,963617
2017-05-07,Sunday/Holiday,370985,334930,705915
2017-05-08,Weekday,829268,722987,1552255
2017-05-09,Weekday,827183,738712,1565895
2017-05-10,Weekday,821006,736258,1557264
2017-05-11,Weekday,832163,755558,1587721
2017-05-12,Weekday,824305,745485,1569790
2017-05-13,Saturday,504045,427964,932009
2017-05-14,Sunday/Holiday,364734,313469,678203
2017-05-15,Weekday,805190,709882,1515072
2017-05-16,Weekday,843103,768941,1612044
2017-05-17,Weekday,835226,763055,1598281
2017-05-18,Weekday,824327,775776,1600103
2017-05-19,Weekday,768158,726694,1494852
2017-05-20,Saturday,441093,396705,837798
2017-05-21,Sunday/Holiday,366609,350024,716633
2017-05-22,Weekday,817334,744257,1561591
2017-05-23,Weekday,799986,753184,1553170
2017-05-24,Weekday,820511,762453,1582964
2017-05-25,Weekday,829938,776776,1606714
2017-05-26,Weekday,779960,691687,1471647
2017-05-27,Saturday,492255,462129,954384
2017-05-28,Sunday/Holiday,366179,344784,710963
2017-05-29,Sunday/Holiday,375171,336441,711612
2017-05-30,Weekday,802596,722529,1525125
2017-05-31,Weekday,827890,745189,1573079
2017-06-01,Weekday,860327,771134,1631461
2017-06-02,Weekday,861203,796256,1657459
2017-06-03,Saturday,523471,495282,1018753
2017-06-04,Sunday/Holiday,400326,384010,784336
2017-06-05,Weekday,838839,768461,1607300
2017-06-06,Weekday,845564,787009,1632573
2017-06-07,Weekday,846730,793617,1640347
2017-06-08,Weekday,821372,805398,1626770
2017-06-09,Weekday,833135,822483,1655618
2017-06-10,Saturday,525084,558726,1083810
2017-06-11,Sunday/Holiday,406991,440096,847087
2017-06-12,Weekday,808630,753763,1562393
2017-06-13,Weekday,817478,764155,1581633
2017-06-14,Weekday,786388,742346,1528734
2017-06-15,Weekday,830091,777758,1607849
2017-06-16,Weekday,785270,739069,1524339
2017-06-17,Saturday,486358,419764,906122
2017-06-18,Sunday/Holiday,390193,338474,728667
2017-06-19,Weekday,755955,739609,1495564
2017-06-20,Weekday,801344,781004,1582348
2017-06-21,Weekday,758596,776244,1534840
2017-06-22,Weekday,733128,745336,1478464
2017-06-23,Weekday,729483,747333,1476816
2017-06-24,Saturday,504647,482168,986815
2017-06-25,Sunday/Holiday,390267,513970,904237
2017-06-26,Weekday,738507,722154,1460661
2017-06-27,Weekday,763875,751340,1515215
2017-06-28,Weekday,722682,733693,1456375
2017-06-29,Weekday,747180,778070,1525250
2017-06-30,Weekday,763402,760380,1523782
2017-07-01,Saturday,514092,488429,1002521
2017-07-02,Sunday/Holiday,398108,364979,763087
2017-07-03,Weekday,669915,543712,1213627
2017-07-04,Sunday/Holiday,407991,389791,797782
2017-07-05,Weekday,746019,733914,1479933
2017-07-06,Weekday,755516,784948,1540464
2017-07-07,Weekday,749664,780389,1530053
2017-07-08,Saturday,517165,518674,1035839
2017-07-09,Sunday/Holiday,400539,402561,803100
2017-07-10,Weekday,719494,695215,1414709
2017-07-11,Weekday,771348,735051,1506399
2017-07-12,Weekday,694204,702581,1396785
2017-07-13,Weekday,773047,751562,1524609
2017-07-14,Weekday,748691,762728,1511419
2017-07-15,Saturday,511540,495618,1007158
2017-07-16,Sunday/Holiday,371692,374578,746270
2017-07-17,Weekday,754669,741094,1495763
2017-07-18,Weekday,776582,754149,1530731
2017-07-19,Weekday,769368,750889,1520257
2017-07-20,Weekday,716096,726632,1442728
2017-07-21,Weekday,733117,762529,1495646
2017-07-22,Saturday,485978,471542,957520
2017-07-23,Sunday/Holiday,380247,372309,752556
2017-07-24,Weekday,744976,765597,1510573
2017-07-25,Weekday,765040,772350,1537390
2017-07-26,Weekday,769890,755604,1525494
2017-07-27,Weekday,770692,770016,1540708
2017-07-28,Weekday,754679,738168,1492847
2017-07-29,Saturday,496951,462430,959381
2017-07-30,Sunday/Holiday,385002,349892,734894
2017-07-31,Weekday,732690,707434,1440124
2017-08-01,Weekday,789859,773470,1563329
2017-08-02,Weekday,771256,811636,1582892
2017-08-03,Weekday,763271,834427,1597698
2017-08-04,Weekday,732776,827248,1560024
2017-08-05,Saturday,503623,546783,1050406
2017-08-06,Sunday/Holiday,376669,430711,807380
2017-08-07,Weekday,733495,704247,1437742
2017-08-08,Weekday,761850,735234,1497084
2017-08-09,Weekday,759657,732813,1492470
2017-08-10,Weekday,747519,745430,1492949
2017-08-11,Weekday,746418,756699,1503117
2017-08-12,Saturday,505271,477767,983038
2017-08-13,Sunday/Holiday,384338,351048,735386
2017-08-14,Weekday,722238,716772,1439010
2017-08-15,Weekday,774523,700422,1474945
2017-08-16,Weekday,739357,734845,1474202
2017-08-17,Weekday,722939,751673,1474612
2017-08-18,Weekday,741688,751342,1493030
2017-08-19,Saturday,510200,488523,998723
2017-08-20,Sunday/Holiday,395932,381042,776974
2017-08-21,Weekday,707640,675484,1383124
2017-08-22,Weekday,741370,697126,1438496
2017-08-23,Weekday,763384,719511,1482895
2017-08-24,Weekday,749315,748046,1497361
2017-08-25,Weekday,749192,741123,1490315
2017-08-26,Saturday,487453,446049,933502
2017-08-27,Sunday/Holiday,358840,336109,694949
2017-08-28,Weekday,761796,740387,1502183
2017-08-29,Weekday,783337,763274,1546611
2017-08-30,Weekday,801205,779477,1580682
2017-08-31,Weekday,791635,785637,1577272
2017-09-01,Weekday,827394,760661,1588055
2017-09-02,Saturday,512150,481961,994111
2017-09-03,Sunday/Holiday,417707,410951,828658
2017-09-04,Sunday/Holiday,375104,326524,701628
2017-09-05,Weekday,893214,763159,1656373
2017-09-06,Weekday,854979,785896,1640875
2017-09-07,Weekday,867162,801972,1669134
2017-09-08,Weekday,849319,809597,1658916
2017-09-09,Saturday,511569,488232,999801
2017-09-10,Sunday/Holiday,383625,375160,758785
2017-09-11,Weekday,861907,767744,1629651
2017-09-12,Weekday,883298,813900,1697198
2017-09-13,Weekday,876445,813293,1689738
2017-09-14,Weekday,874356,838725,1713081
2017-09-15,Weekday,871656,838001,1709657
2017-09-16,Saturday,517447,521275,1038722
2017-09-17,Sunday/Holiday,386719,379480,766199
2017-09-18,Weekday,866120,772443,1638563
2017-09-19,Weekday,861844,786075,1647919
2017-09-20,Weekday,887017,795055,1682072
2017-09-21,Weekday,859255,788217,1647472
2017-09-22,Weekday,854042,781053,1635095
2017-09-23,Saturday,499368,464903,964271
2017-09-24,Sunday/Holiday,378420,351102,729522
2017-09-25,Weekday,861042,767660,1628702
2017-09-26,Weekday,877350,791462,1668812
2017-09-27,Weekday,882592,796822,1679414
2017-09-28,Weekday,881438,809624,1691062
2017-09-29,Weekday,898739,811721,1710460
2017-09-30,Saturday,524516,482974,1007490
2017-10-01,Sunday/Holiday,389470,361156,750626
2017-10-02,Weekday,877992,767540,1645532
2017-10-03,Weekday,921022,794082,1715104
2017-10-04,Weekday,889343,798360,1687703
2017-10-05,Weekday,889166,816694,1705860
2017-10-06,Weekday,841999,805746,1647745
2017-10-07,Saturday,484231,469808,954039
2017-10-08,Sunday/Holiday,374005,539097,913102
2017-10-09,Weekday,712539,752125,1464664
2017-10-10,Weekday,874192,822023,1696215
2017-10-11,Weekday,850229,817909,1668138
2017-10-12,Weekday,870996,810442,1681438
2017-10-13,Weekday,879791,796714,1676505
2017-10-14,Saturday,376288,368266,744554
2017-10-15,Sunday/Holiday,362392,335609,698001
2017-10-16,Weekday,867372,776457,1643829
2017-10-17,Weekday,882601,819635,1702236
2017-10-18,Weekday,888806,831089,1719895
2017-10-19,Weekday,876423,848003,1724426
2017-10-20,Weekday,862656,796878,1659534
2017-10-21,Saturday,520339,481334,1001673
2017-10-22,Sunday/Holiday,344543,320608,665151
2017-10-23,Weekday,802893,750619,1553512
2017-10-24,Weekday,812947,769526,1582473
2017-10-25,Weekday,876000,794572,1670572
2017-10-26,Weekday,872176,805362,1677538
2017-10-27,Weekday,833348,769792,1603140
2017-10-28,Saturday,472503,422323,894826
2017-10-29,Sunday/Holiday,355321,320982,676303
2017-10-30,Weekday,837676,753860,1591536
2017-10-31,Weekday,843988,758455,1602443
2017-11-01,Weekday,881053,780670,1661723
2017-11-02,Weekday,864434,794788,1659222
2017-11-03,Weekday,815500,755771,1571271
2017-11-04,Saturday,450968,393884,844852
2017-11-05,Sunday/Holiday,359176,312232,671408
2017-11-06,Weekday,866671,772803,1639474
2017-11-07,Weekday,871211,785554,1656765
2017-11-08,Weekday,875619,796870,1672489
2017-11-09,Weekday,860819,800535,1661354
2017-11-10,Weekday,741017,721331,1462348
2017-11-11,Saturday,461927,427100,889027
2017-11-12,Sunday/Holiday,341066,303087,644153
2017-11-13,Weekday,846572,758107,1604679
2017-11-14,Weekday,862352,781533,1643885
2017-11-15,Weekday,826138,770507,1596645
2017-11-16,Weekday,831869,773696,1605565
2017-11-17,Weekday,836442,779012,1615454
2017-11-18,Saturday,426814,429256,856070
2017-11-19,Sunday/Holiday,359562,330196,689758
2017-11-20,Weekday,840370,747181,1587551
2017-11-21,Weekday,825182,745801,1570983
2017-11-22,Weekday,677643,620904,1298547
2017-11-23,Sunday/Holiday,263654,208426,472080
2017-11-24,Weekday,503847,415069,918916
2017-11-25,Saturday,425522,369396,794918
2017-11-26,Sunday/Holiday,336930,290753,627683
2017-11-27,Weekday,839274,726945,1566219
2017-11-28,Weekday,847910,753208,1601118
2017-11-29,Weekday,850702,761131,1611833
2017-11-30,Weekday,850783,772769,1623552
2017-12-01,Weekday,890982,785058,1676040
2017-12-02,Saturday,511676,461699,973375
2017-12-03,Sunday/Holiday,378519,338558,717077
2017-12-04,Weekday,855387,739950,1595337
2017-12-05,Weekday,822703,737397,1560100
2017-12-06,Weekday,829498,742215,1571713
2017-12-07,Weekday,794129,741934,1536063
2017-12-08,Weekday,805911,739840,1545751
2017-12-09,Saturday,439827,405822,845649
2017-12-10,Sunday/Holiday,336156,295505,631661
2017-12-11,Weekday,807879,706163,1514042
2017-12-12,Weekday,783312,709949,1493261
2017-12-13,Weekday,800995,715178,1516173
2017-12-14,Weekday,790977,722667,1513644
2017-12-15,Weekday,780679,700482,1481161
2017-12-16,Saturday,484468,419897,904365
2017-12-17,Sunday/Holiday,351260,296372,647632
2017-12-18,Weekday,784151,675289,1459440
2017-12-19,Weekday,812618,697684,1510302
2017-12-20,Weekday,798144,683898,1482042
2017-12-21,Weekday,769444,659956,1429400
2017-12-22,Weekday,727262,586190,1313452
2017-12-23,Saturday,438917,324065,762982
2017-12-24,Sunday/Holiday,275937,205801,481738
2017-12-25,Sunday/Holiday,164256,118654,282910
2017-12-26,Weekday,398823,327742,726565
2017-12-27,Weekday,466856,416016,882872
2017-12-28,Weekday,509850,456611,966461
2017-12-29,Weekday,552051,466865,1018916
2017-12-30,Saturday,335207,276381,611588
2017-12-31,Sunday/Holiday,274143,235949,510092
2018-01-01,Sunday/Holiday,199845,195520,395365
2018-01-02,Weekday,507648,514174,1021822
2018-01-03,Weekday,598578,587740,1186318
2018-01-04,Weekday,594414,591081,1185495
2018-01-05,Weekday,597163,572525,1169688
2018-01-06,Saturday,372807,292077,664884
2018-01-07,Sunday/Holiday,284438,226604,511042
2018-01-08,Weekday,755777,664263,1420040
2018-01-09,Weekday,780104,684704,1464808
2018-01-10,Weekday,783008,695123,1478131
2018-01-11,Weekday,774197,695496,1469693
2018-01-12,Weekday,730031,643915,1373946
2018-01-13,Saturday,392644,323263,715907
2018-01-14,Sunday/Holiday,291206,245376,536582
2018-01-15,Weekday,463868,419604,883472
2018-01-16,Weekday,779194,710906,1490100
2018-01-17,Weekday,787021,713680,1500701
2018-01-18,Weekday,788150,720369,1508519
2018-01-19,Weekday,784287,701290,1485577
2018-01-20,Saturday,438286,449322,887608
2018-01-21,Sunday/Holiday,316648,259818,576466
2018-01-22,Weekday,781955,711848,1493803
2018-01-23,Weekday,795146,733662,1528808
2018-01-24,Weekday,808026,732420,1540446
2018-01-25,Weekday,813348,743858,1557206
2018-01-26,Weekday,806770,722671,1529441
2018-01-27,Saturday,455974,384419,840393
2018-01-28,Sunday/Holiday,320779,268995,589774
2018-01-29,Weekday,774310,699889,1474199
2018-01-30,Weekday,801986,723334,1525320
2018-01-31,Weekday,815252,729419,1544671
2018-02-01,Weekday,824632,724399,1549031
2018-02-02,Weekday,706351,657689,1364040
2018-02-03,Saturday,435554,344309,779863
2018-02-04,Sunday/Holiday,279353,232906,512259
2018-02-05,Weekday,734272,675368,1409640
2018-02-06,Weekday,783522,708071,1491593
2018-02-07,Weekday,790600,714000,1504600
2018-02-08,Weekday,782384,727764,1510148
2018-02-09,Weekday,480347,490054,970401
2018-02-10,Saturday,399759,351548,751307
2018-02-11,Sunday/Holiday,294675,260148,554823
2018-02-12,Weekday,771383,692183,1463566
2018-02-13,Weekday,832686,743502,1576188
2018-02-14,Weekday,846174,756475,1602649
2018-02-15,Weekday,819948,746521,1566469
2018-02-16,Weekday,803410,725091,1528501
2018-02-17,Saturday,438472,383764,822236
2018-02-18,Sunday/Holiday,345438,299983,645421
2018-02-19,Weekday,569983,523621,1093604
2018-02-20,Weekday,786356,718493,1504849
2018-02-21,Weekday,831241,740388,1571629
2018-02-22,Weekday,833819,743449,1577268
2018-02-23,Weekday,820477,720769,1541246
2018-02-24,Saturday,461537,387230,848767
2018-02-25,Sunday/Holiday,347690,292093,639783
2018-02-26,Weekday,825842,718649,1544491
2018-02-27,Weekday,846696,743269,1589965
2018-02-28,Weekday,837820,736868,1574688
2018-03-01,Weekday,807973,724095,1532068
2018-03-02,Weekday,838965,719445,1558410
2018-03-03,Saturday,489631,400158,889789
2018-03-04,Sunday/Holiday,360783,288394,649177
2018-03-05,Weekday,793241,686228,1479469
2018-03-06,Weekday,818087,723274,1541361
2018-03-07,Weekday,829608,731992,1561600
2018-03-08,Weekday,813217,734447,1547664
2018-03-09,Weekday,806152,712092,1518244
2018-03-10,Saturday,471143,394014,865157
2018-03-11,Sunday/Holiday,339755,286948,626703
2018-03-12,Weekday,798061,715220,1513281
2018-03-13,Weekday,808848,731938,1540786
2018-03-14,Weekday,834401,747391,1581792
2018-03-15,Weekday,829652,754110,1583762
2018-03-16,Weekday,808945,738857,1547802
2018-03-17,Saturday,471682,607823,1079505
2018-03-18,Sunday/Holiday,361391,320742,682133
2018-03-19,Weekday,807848,709194,1517042
2018-03-20,Weekday,808168,710058,1518226
2018-03-21,Weekday,815911,715243,1531154
2018-03-22,Weekday,807829,722634,1530463
2018-03-23,Weekday,789868,699928,1489796
2018-03-24,Saturday,424609,389468,814077
2018-03-25,Sunday/Holiday,331496,306710,638206
2018-03-26,Weekday,685230,660176,1345406
2018-03-27,Weekday,688138,684664,1372802
2018-03-28,Weekday,719691,695373,1415064
2018-03-29,Weekday,692129,686014,1378143
2018-03-30,Weekday,672341,608535,1280876
2018-03-31,Saturday,428294,349132,777426
2018-04-01,Sunday/Holiday,305848,238356,544204
2018-04-02,Weekday,782016,688114,1470130
2018-04-03,Weekday,816056,720417,1536473
2018-04-04,Weekday,823619,738079,1561698
2018-04-05,Weekday,817204,753661,1570865
2018-04-06,Weekday,792532,721169,1513701
2018-04-07,Saturday,466492,404650,871142
2018-04-08,Sunday/Holiday,335409,283411,618820
2018-04-09,Weekday,773663,708735,1482398
2018-04-10,Weekday,798350,748682,1547032
2018-04-11,Weekday,849255,770269,1619524
2018-04-12,Weekday,836193,775422,1611615
2018-04-13,Weekday,729175,716600,1445775
2018-04-14,Saturday,417189,374923,792112
2018-04-15,Sunday/Holiday,300857,258277,559134
2018-04-16,Weekday,773294,704714,1478008
2018-04-17,Weekday,830925,759128,1590053
2018-04-18,Weekday,783296,728207,1511503
2018-04-19,Weekday,774579,749646,1524225
2018-04-20,Weekday,812450,735681,1548131
2018-04-21,Saturday,455577,392721,848298
2018-04-22,Sunday/Holiday,348195,294515,642710
2018-04-23,Weekday,810268,712596,1522864
2018-04-24,Weekday,826998,743776,1570774
2018-04-25,Weekday,838143,748866,1587009
2018-04-26,Weekday,837802,777534,1615336
2018-04-27,Weekday,812960,752386,1565346
2018-04-28,Saturday,480130,426851,906981
2018-04-29,Sunday/Holiday,354456,327855,682311
2018-04-30,Weekday,817980,746550,1564530
2018-05-01,Weekday,876677,777780,1654457
2018-05-02,Weekday,834718,752143,1586861
2018-05-03,Weekday,840135,744199,1584334
2018-05-04,Weekday,830802,736342,1567144
2018-05-05,Saturday,506199,443358,949557
2018-05-06,Sunday/Holiday,359516,315030,674546
2018-05-07,Weekday,821267,742969,1564236
2018-05-08,Weekday,841014,781451,1622465
2018-05-09,Weekday,803570,756378,1559948
2018-05-10,Weekday,838748,762718,1601466
2018-05-11,Weekday,788585,744337,1532922
2018-05-12,Saturday,440554,392468,833022
2018-05-13,Sunday/Holiday,335726,306051,641777
2018-05-14,Weekday,742924,686671,1429595
2018-05-15,Weekday,809607,728488,1538095
2018-05-16,Weekday,824209,733303,1557512
2018-05-17,Weekday,807735,743467,1551202
2018-05-18,Weekday,784606,717590,1502196
2018-05-19,Saturday,461266,408091,869357
2018-05-20,Sunday/Holiday,321817,288853,610670
2018-05-21,Weekday,709633,669968,1379601
2018-05-22,Weekday,819740,762899,1582639
2018-05-23,Weekday,827983,774273,1602256
2018-05-24,Weekday,813320,757935,1571255
2018-05-25,Weekday,797393,730669,1528062
2018-05-26,Saturday,474011,472471,946482
2018-05-27,Sunday/Holiday,382202,375810,758012
2018-05-28,Sunday/Holiday,364119,325534,689653
2018-05-29,Weekday,797433,716137,1513570
2018-05-30,Weekday,793348,716886,1510234
2018-05-31,Weekday,819988,753062,1573050
2018-06-01,Weekday,851045,773824,1624869
2018-06-02,Saturday,496149,437154,933303
2018-06-03,Sunday/Holiday,383320,342776,726096
2018-06-04,Weekday,820746,726476,1547222
2018-06-05,Weekday,826465,778366,1604831
2018-06-06,Weekday,820198,778486,1598684
2018-06-07,Weekday,821694,798516,1620210
2018-06-08,Weekday,779201,766692,1545893
2018-06-09,Saturday,464236,475218,939454
2018-06-10,Sunday/Holiday,332042,339387,671429
2018-06-11,Weekday,781557,724255,1505812
2018-06-12,Weekday,807427,750111,1557538
2018-06-13,Weekday,783799,759987,1543786
2018-06-14,Weekday,795923,754502,1550425
2018-06-15,Weekday,775628,735211,1510839
2018-06-16,Saturday,472932,441274,914206
2018-06-17,Sunday/Holiday,351730,324959,676689
2018-06-18,Weekday,742447,722983,1465430
2018-06-19,Weekday,779092,768531,1547623
2018-06-20,Weekday,741682,763084,1504766
2018-06-21,Weekday,628563,683599,1312162
2018-06-22,Weekday,669210,689577,1358787
2018-06-23,Saturday,487366,452638,940004
2018-06-24,Sunday/Holiday,382787,515034,897821
2018-06-25,Weekday,730834,709948,1440782
2018-06-26,Weekday,714896,717661,1432557
2018-06-27,Weekday,734332,744015,1478347
2018-06-28,Weekday,751395,758891,1510286
2018-06-29,Weekday,748648,755938,1504586
2018-06-30,Saturday,473766,468103,941869
2018-07-01,Sunday/Holiday,353385,329670,683055
2018-07-02,Weekday,734869,678249,1413118
2018-07-03,Weekday,771705,716848,1488553
2018-07-04,Sunday/Holiday,384885,366963,751848
2018-07-05,Weekday,652746,615715,1268461
2018-07-06,Weekday,720068,699130,1419198
2018-07-07,Saturday,485369,439367,924736
2018-07-08,Sunday/Holiday,376335,346489,722824
2018-07-09,Weekday,742452,704612,1447064
2018-07-10,Weekday,766160,742163,1508323
2018-07-11,Weekday,772083,765257,1537340
2018-07-12,Weekday,755211,766466,1521677
2018-07-13,Weekday,753196,784018,1537214
2018-07-14,Saturday,471688,455259,926947
2018-07-15,Sunday/Holiday,380142,378006,758148
2018-07-16,Weekday,731999,700335,1432334
2018-07-17,Weekday,768143,739651,1507794
2018-07-18,Weekday,770336,745511,1515847
2018-07-19,Weekday,765291,780813,1546104
2018-07-20,Weekday,721413,762815,1484228
2018-07-21,Saturday,469280,483657,952937
2018-07-22,Sunday/Holiday,339813,357484,697297
2018-07-23,Weekday,742296,746950,1489246
2018-07-24,Weekday,766503,775343,1541846
2018-07-25,Weekday,763505,768014,1531519
2018-07-26,Weekday,758033,781151,1539184
2018-07-27,Weekday,729506,741794,1471300
2018-07-28,Saturday,484064,453186,937250
2018-07-29,Sunday/Holiday,374591,354824,729415
2018-07-30,Weekday,718899,721661,1440560
2018-07-31,Weekday,733107,729861,1462968
2018-08-01,Weekday,778530,757280,1535810
2018-08-02,Weekday,743458,861954,1605412
2018-08-03,Weekday,765341,831628,1596969
2018-08-04,Saturday,480664,521622,1002286
2018-08-05,Sunday/Holiday,368543,423810,792353
2018-08-06,Weekday,688147,687412,1375559
2018-08-07,Weekday,710000,702495,1412495
2018-08-08,Weekday,737497,726837,1464334
2018-08-09,Weekday,725134,727089,1452223
2018-08-10,Weekday,728844,757214,1486058
2018-08-11,Saturday,498035,485775,983810
2018-08-12,Sunday/Holiday,372421,371962,744383
2018-08-13,Weekday,705028,681926,1386954
2018-08-14,Weekday,722447,739143,1461590
2018-08-15,Weekday,710743,720004,1430747
2018-08-16,Weekday,720279,712077,1432356
2018-08-17,Weekday,702584,697625,1400209
2018-08-18,Saturday,493509,469340,962849
2018-08-19,Sunday/Holiday,380140,357318,737458
2018-08-20,Weekday,668029,672736,1340765
2018-08-21,Weekday,714668,705759,1420427
2018-08-22,Weekday,747818,711067,1458885
2018-08-23,Weekday,751380,748147,1499527
2018-08-24,Weekday,692290,698828,1391118
2018-08-25,Saturday,472537,437488,910025
2018-08-26,Sunday/Holiday,358918,344736,703654
2018-08-27,Weekday,751100,740835,1491935
2018-08-28,Weekday,751236,764285,1515521
2018-08-29,Weekday,752668,767691,1520359
2018-08-30,Weekday,776906,780357,1557263
2018-08-31,Weekday,773345,726643,1499988
2018-09-01,Saturday,457556,415563,873119
2018-09-02,Sunday/Holiday,393446,368715,762161
2018-09-03,Sunday/Holiday,330488,293772,624260
2018-09-04,Weekday,864262,756397,1620659
2018-09-05,Weekday,854763,785143,1639906
2018-09-06,Weekday,819596,786139,1605735
2018-09-07,Weekday,814560,796057,1610617
2018-09-08,Saturday,486855,460892,947747
2018-09-09,Sunday/Holiday,361946,329445,691391
2018-09-10,Weekday,844530,792245,1636775
2018-09-11,Weekday,861007,818737,1679744
2018-09-12,Weekday,865443,835997,1701440
2018-09-13,Weekday,851071,821484,1672555
2018-09-14,Weekday,841332,833730,1675062
2018-09-15,Saturday,498240,505429,1003669
2018-09-16,Sunday/Holiday,375988,375547,751535
2018-09-17,Weekday,839178,794968,1634146
2018-09-18,Weekday,846003,796654,1642657
2018-09-19,Weekday,844257,786851,1631108
2018-09-20,Weekday,840571,812664,1653235
2018-09-21,Weekday,829287,806274,1635561
2018-09-22,Saturday,497023,464531,961554
2018-09-23,Sunday/Holiday,373382,331323,704705
2018-09-24,Weekday,829917,806181,1636098
2018-09-25,Weekday,843206,813982,1657188
2018-09-26,Weekday,868419,838474,1706893
2018-09-27,Weekday,858664,847133,1705797
2018-09-28,Weekday,824823,816264,1641087
2018-09-29,Saturday,492591,500479,993070
2018-09-30,Sunday/Holiday,365436,362732,728168
2018-10-01,Weekday,878697,808415,1687112
2018-10-02,Weekday,870588,824655,1695243
2018-10-03,Weekday,910415,829500,1739915
2018-10-04,Weekday,875646,845234,1720880
2018-10-05,Weekday,798129,781321,1579450
2018-10-06,Saturday,471199,466775,937974
2018-10-07,Sunday/Holiday,325617,510071,835688
2018-10-08,Weekday,700116,719617,1419733
2018-10-09,Weekday,882871,813161,1696032
2018-10-10,Weekday,831398,794576,1625974
2018-10-11,Weekday,860410,817569,1677979
2018-10-12,Weekday,824598,776261,1600859
2018-10-13,Saturday,494592,466427,961019
2018-10-14,Sunday/Holiday,362011,332403,694414
2018-10-15,Weekday,836275,778324,1614599
2018-10-16,Weekday,856815,802082,1658897
2018-10-17,Weekday,866716,807188,1673904
2018-10-18,Weekday,858568,814542,1673110
2018-10-19,Weekday,814805,774539,1589344
2018-10-20,Saturday,464296,439297,903593
2018-10-21,Sunday/Holiday,353981,332004,685985
2018-10-22,Weekday,841090,769144,1610234
2018-10-23,Weekday,858222,793605,1651827
2018-10-24,Weekday,855770,795929,1651699
2018-10-25,Weekday,846179,802796,1648975
2018-10-26,Weekday,842904,777822,1620726
2018-10-27,Saturday,492859,435508,928367
2018-10-28,Sunday/Holiday,334541,315184,649725
2018-10-29,Weekday,835732,766123,1601855
2018-10-30,Weekday,851167,785017,1636184
2018-10-31,Weekday,840619,776366,1616985
2018-11-01,Weekday,866316,798312,1664628
2018-11-02,Weekday,785859,754310,1540169
2018-11-03,Saturday,513626,428523,942149
2018-11-04,Sunday/Holiday,322036,291311,613347
2018-11-05,Weekday,853379,770186,1623565
2018-11-06,Weekday,836999,764653,1601652
2018-11-07,Weekday,841086,783160,1624246
2018-11-08,Weekday,841232,797333,1638565
2018-11-09,Weekday,796310,751427,1547737
2018-11-10,Saturday,465852,385710,851562
2018-11-11,Sunday/Holiday,344050,304712,648762
2018-11-12,Weekday,652992,652215,1305207
2018-11-13,Weekday,824479,769160,1593639
2018-11-14,Weekday,820013,766177,1586190
2018-11-15,Weekday,768946,764868,1533814
2018-11-16,Weekday,816628,783218,1599846
2018-11-17,Saturday,437661,453688,891349
2018-11-18,Sunday/Holiday,339408,316014,655422
2018-11-19,Weekday,803920,740162,1544082
2018-11-20,Weekday,807383,741467,1548850
2018-11-21,Weekday,649866,605419,1255285
2018-11-22,Sunday/Holiday,244365,196549,440914
2018-11-23,Weekday,473453,393241,866694
2018-11-24,Saturday,407870,347967,755837
2018-11-25,Sunday/Holiday,285466,246992,532458
2018-11-26,Weekday,681371,647084,1328455
2018-11-27,Weekday,788682,742355,1531037
2018-11-28,Weekday,804497,749760,1554257
2018-11-29,Weekday,809744,764611,1574355
2018-11-30,Weekday,840494,760471,1600965
2018-12-01,Saturday,428105,359088,787193
2018-12-02,Sunday/Holiday,339157,285153,624310
2018-12-03,Weekday,831431,731079,1562510
2018-12-04,Weekday,835143,745696,1580839
2018-12-05,Weekday,816399,736966,1553365
2018-12-06,Weekday,820745,757102,1577847
2018-12-07,Weekday,785144,731440,1516584
2018-12-08,Saturday,456911,399714,856625
2018-12-09,Sunday/Holiday,346457,291673,638130
2018-12-10,Weekday,794682,706501,1501183
2018-12-11,Weekday,817284,731059,1548343
2018-12-12,Weekday,809305,727070,1536375
2018-12-13,Weekday,804783,738003,1542786
2018-12-14,Weekday,789944,724198,1514142
2018-12-15,Saturday,481485,425132,906617
2018-12-16,Sunday/Holiday,353013,309297,662310
2018-12-17,Weekday,791252,668008,1459260
2018-12-18,Weekday,794636,701867,1496503
2018-12-19,Weekday,799278,700814,1500092
2018-12-20,Weekday,762587,682043,1444630
2018-12-21,Weekday,727571,633479,1361050
2018-12-22,Saturday,442692,339426,782118
2018-12-23,Sunday/Holiday,330462,260130,590592
2018-12-24,Weekday,422369,279324,701693
2018-12-25,Sunday/Holiday,188696,127994,316690
2018-12-26,Weekday,515030,411993,927023
2018-12-27,Weekday,509948,453029,962977
2018-12-28,Weekday,577497,493961,1071458
2018-12-29,Saturday,394088,307105,701193
2018-12-30,Sunday/Holiday,314550,265310,579860
2018-12-31,Weekday,463165,386058,849223
2019-01-01,Sunday/Holiday,248879,245852,494731
2019-01-02,Weekday,591006,573542,1164548
2019-01-03,Weekday,664442,627781,1292223
2019-01-04,Weekday,668812,628514,1297326
2019-01-05,Saturday,444434,348257,792691
2019-01-06,Sunday/Holiday,318623,260556,579179
2019-01-07,Weekday,723023,662470,1385493
2019-01-08,Weekday,784085,701693,1485778
2019-01-09,Weekday,747949,685444,1433393
2019-01-10,Weekday,747850,690162,1438012
2019-01-11,Weekday,763718,679115,1442833
2019-01-12,Saturday,382464,325219,707683
2019-01-13,Sunday/Holiday,301855,250222,552077
2019-01-14,Weekday,756590,705571,1462161
2019-01-15,Weekday,783113,720095,1503208
2019-01-16,Weekday,800537,728048,1528585
2019-01-17,Weekday,800348,734929,1535277
2019-01-18,Weekday,776640,700006,1476646
2019-01-19,Saturday,337080,312424,649504
2019-01-20,Sunday/Holiday,271961,236744,508705
2019-01-21,Weekday,445534,401503,847037
2019-01-22,Weekday,757962,712125,1470087
2019-01-23,Weekday,764136,718899,1483035
2019-01-24,Weekday,745872,711300,1457172
2019-01-25,Weekday,568100,590674,1158774
2019-01-26,Saturday,343625,296063,639688
2019-01-27,Sunday/Holiday,258884,221081,479965
2019-01-28,Weekday,668192,678810,1347002
2019-01-29,Weekday,581664,579917,1161581
2019-01-30,Weekday,124154,97917,222071
2019-01-31,Weekday,282336,243912,526248
2019-02-01,Weekday,683059,648091,1331150
2019-02-02,Saturday,435441,345650,781091
2019-02-03,Sunday/Holiday,322488,250724,573212
2019-02-04,Weekday,808055,718764,1526819
2019-02-05,Weekday,808858,734181,1543039
2019-02-06,Weekday,799164,727769,1526933
2019-02-07,Weekday,789342,732351,1521693
2019-02-08,Weekday,710682,655823,1366505
2019-02-09,Saturday,423681,338847,762528
2019-02-10,Sunday/Holiday,296809,251192,548001
2019-02-11,Weekday,779386,704667,1484053
2019-02-12,Weekday,741083,698387,1439470
2019-02-13,Weekday,795205,728764,1523969
2019-02-14,Weekday,824482,746611,1571093
2019-02-15,Weekday,754152,687932,1442084
2019-02-16,Saturday,438454,362613,801067
2019-02-17,Sunday/Holiday,296482,256817,553299
2019-02-18,Weekday,555501,519409,1074910
2019-02-19,Weekday,812492,725195,1537687
2019-02-20,Weekday,779660,717172,1496832
2019-02-21,Weekday,813056,727504,1540560
2019-02-22,Weekday,798311,702988,1501299
2019-02-23,Saturday,406839,328179,735018
2019-02-24,Sunday/Holiday,288368,240478,528846
2019-02-25,Weekday,762857,680844,1443701
2019-02-26,Weekday,773049,699462,1472511
2019-02-27,Weekday,797800,711827,1509627
2019-02-28,Weekday,783920,714700,1498620
2019-03-01,Weekday,812238,682969,1495207
2019-03-02,Saturday,454119,349392,803511
2019-03-03,Sunday/Holiday,313539,252150,565689
2019-03-04,Weekday,699086,635353,1334439
2019-03-05,Weekday,761781,692945,1454726
2019-03-06,Weekday,790908,708876,1499784
2019-03-07,Weekday,790299,711428,1501727
2019-03-08,Weekday,781577,684186,1465763
2019-03-09,Saturday,409779,326686,736465
2019-03-10,Sunday/Holiday,310427,250702,561129
2019-03-11,Weekday,784354,697758,1482112
2019-03-12,Weekday,816229,729476,1545705
2019-03-13,Weekday,785256,727150,1512406
2019-03-14,Weekday,777417,726502,1503919
2019-03-15,Weekday,769660,716230,1485890
2019-03-16,Saturday,468181,570703,1038884
2019-03-17,Sunday/Holiday,337661,301294,638955
2019-03-18,Weekday,786322,711535,1497857
2019-03-19,Weekday,812217,727732,1539949
2019-03-20,Weekday,782960,712714,1495674
2019-03-21,Weekday,795501,719946,1515447
2019-03-22,Weekday,784281,695716,1479997
2019-03-23,Saturday,472376,386972,859348
2019-03-24,Sunday/Holiday,312958,279989,592947
2019-03-25,Weekday,761448,666862,1428310
2019-03-26,Weekday,794453,688849,1483302
2019-03-27,Weekday,802407,693509,1495916
2019-03-28,Weekday,782670,692421,1475091
2019-03-29,Weekday,764086,667916,1432002
2019-03-30,Saturday,428233,346980,775213
2019-03-31,Sunday/Holiday,324724,264228,588952
2019-04-01,Weekday,825150,707874,1533024
2019-04-02,Weekday,815370,727263,1542633
2019-04-03,Weekday,846418,744443,1590861
2019-04-04,Weekday,791393,735719,1527112
2019-04-05,Weekday,754962,710414,1465376
2019-04-06,Saturday,487323,414140,901463
2019-04-07,Sunday/Holiday,331229,276992,608221
2019-04-08,Weekday,823032,754465,1577497
2019-04-09,Weekday,791556,747311,1538867
2019-04-10,Weekday,760548,731858,1492406
2019-04-11,Weekday,771911,746596,1518507
2019-04-12,Weekday,795077,731825,1526902
2019-04-13,Saturday,473087,417501,890588
2019-04-14,Sunday/Holiday,240601,215007,455608
2019-04-15,Weekday,694149,679904,1374053
2019-04-16,Weekday,725056,709023,1434079
2019-04-17,Weekday,710771,699083,1409854
2019-04-18,Weekday,654819,675919,1330738
2019-04-19,Weekday,643329,619953,1263282
2019-04-20,Saturday,462233,372841,835074
2019-04-21,Sunday/Holiday,330270,276935,607205
2019-04-22,Weekday,767623,692515,1460138
2019-04-23,Weekday,806358,747351,1553709
2019-04-24,Weekday,813407,759394,1572801
2019-04-25,Weekday,820219,770006,1590225
2019-04-26,Weekday,806103,731398,1537501
2019-04-27,Saturday,369056,319488,688544
2019-04-28,Sunday/Holiday,338518,289270,627788
2019-04-29,Weekday,729815,673476,1403291
2019-04-30,Weekday,757497,707685,1465182
2019-05-01,Weekday,841583,729104,1570687
2019-05-02,Weekday,787163,728705,1515868
2019-05-03,Weekday,834369,750517,1584886
2019-05-04,Saturday,495436,437434,932870
2019-05-05,Sunday/Holiday,402463,338727,741190
2019-05-06,Weekday,803622,724230,1527852
2019-05-07,Weekday,805130,738981,1544111
2019-05-08,Weekday,822516,755171,1577687
2019-05-09,Weekday,810976,751965,1562941
2019-05-10,Weekday,816268,749306,1565574
2019-05-11,Saturday,456362,407442,863804
2019-05-12,Sunday/Holiday,336476,298999,635475
2019-05-13,Weekday,783657,704326,1487983
2019-05-14,Weekday,808863,722423,1531286
2019-05-15,Weekday,810290,724761,1535051
2019-05-16,Weekday,768250,714282,1482532
2019-05-17,Weekday,758399,691390,1449789
2019-05-18,Saturday,448115,388373,836488
2019-05-19,Sunday/Holiday,332006,295929,627935
2019-05-20,Weekday,781061,721397,1502458
2019-05-21,Weekday,777647,723782,1501429
2019-05-22,Weekday,811376,756639,1568015
2019-05-23,Weekday,801697,766717,1568414
2019-05-24,Weekday,749827,681443,1431270
2019-05-25,Saturday,483109,426932,910041
2019-05-26,Sunday/Holiday,349368,335435,684803
2019-05-27,Sunday/Holiday,298987,256757,555744
2019-05-28,Weekday,769069,694292,1463361
2019-05-29,Weekday,791059,717681,1508740
2019-05-30,Weekday,792091,735508,1527599
2019-05-31,Weekday,817633,738322,1555955
2019-06-01,Saturday,473204,379044,852248
2019-06-02,Sunday/Holiday,370049,319334,689383
2019-06-03,Weekday,814607,731571,1546178
2019-06-04,Weekday,797511,749759,1547270
2019-06-05,Weekday,817943,764911,1582854
2019-06-06,Weekday,819351,773638,1592989
2019-06-07,Weekday,797917,760907,1558824
2019-06-08,Saturday,517706,469189,986895
2019-06-09,Sunday/Holiday,372952,329388,702340
2019-06-10,Weekday,787528,717811,1505339
2019-06-11,Weekday,812806,748133,1560939
2019-06-12,Weekday,768907,722333,1491240
2019-06-13,Weekday,784003,758006,1542009
2019-06-14,Weekday,786956,769162,1556118
2019-06-15,Saturday,447116,419997,867113
2019-06-16,Sunday/Holiday,347416,319752,667168
2019-06-17,Weekday,739714,684609,1424323
2019-06-18,Weekday,783381,747919,1531300
2019-06-19,Weekday,762852,735207,1498059
2019-06-20,Weekday,754094,755009,1509103
2019-06-21,Weekday,741691,748258,1489949
2019-06-22,Saturday,485555,468890,954445
2019-06-23,Sunday/Holiday,372216,314345,686561
2019-06-24,Weekday,713826,694599,1408425
2019-06-25,Weekday,790945,756023,1546968
2019-06-26,Weekday,778502,758880,1537382
2019-06-27,Weekday,763256,757999,1521255
2019-06-28,Weekday,742317,717591,1459908
2019-06-29,Saturday,507082,438017,945099
2019-06-30,Sunday/Holiday,342891,473462,816353
2019-07-01,Weekday,751938,691817,1443755
2019-07-02,Weekday,732483,698347,1430830
2019-07-03,Weekday,761825,694945,1456770
2019-07-04,Sunday/Holiday,386135,354474,740609
2019-07-05,Weekday,593204,492198,1085402
2019-07-06,Saturday,464539,390851,855390
2019-07-07,Sunday/Holiday,365003,328344,693347
2019-07-08,Weekday,738529,696647,1435176
2019-07-09,Weekday,760765,733255,1494020
2019-07-10,Weekday,750223,735504,1485727
2019-07-11,Weekday,761712,767177,1528889
2019-07-12,Weekday,738700,777202,1515902
2019-07-13,Saturday,496000,471671,967671
2019-07-14,Sunday/Holiday,386786,362994,749780
2019-07-15,Weekday,733408,723684,1457092
2019-07-16,Weekday,736299,746731,1483030
2019-07-17,Weekday,751727,751160,1502887
2019-07-18,Weekday,681127,699545,1380672
2019-07-19,Weekday,700392,721558,1421950
2019-07-20,Saturday,466646,419897,886543
2019-07-21,Sunday/Holiday,360488,342739,703227
2019-07-22,Weekday,733191,716299,1449490
2019-07-23,Weekday,754783,731712,1486495
2019-07-24,Weekday,754694,737880,1492574
2019-07-25,Weekday,746240,746890,1493130
2019-07-26,Weekday,728460,713766,1442226
2019-07-27,Saturday,509542,417935,927477
2019-07-28,Sunday/Holiday,399059,314226,713285
2019-07-29,Weekday,677033,663313,1340346
2019-07-30,Weekday,744356,721545,1465901
2019-07-31,Weekday,738630,739592,1478222
2019-08-01,Weekday,763703,795333,1559036
2019-08-02,Weekday,740366,804952,1545318
2019-08-03,Saturday,497883,512548,1010431
2019-08-04,Sunday/Holiday,375863,416740,792603
2019-08-05,Weekday,727517,724021,1451538
2019-08-06,Weekday,737702,738151,1475853
2019-08-07,Weekday,745371,746207,1491578
2019-08-08,Weekday,746213,735310,1481523
2019-08-09,Weekday,720081,716084,1436165
2019-08-10,Saturday,490001,428555,918556
2019-08-11,Sunday/Holiday,376464,321310,697774
2019-08-12,Weekday,672626,659442,1332068
2019-08-13,Weekday,715539,697693,1413232
2019-08-14,Weekday,708180,698339,1406519
2019-08-15,Weekday,723069,703513,1426582
2019-08-16,Weekday,699501,675393,1374894
2019-08-17,Saturday,456968,396155,853123
2019-08-18,Sunday/Holiday,330848,289890,620738
2019-08-19,Weekday,697759,669727,1367486
2019-08-20,Weekday,670195,689224,1359419
2019-08-21,Weekday,732929,724089,1457018
2019-08-22,Weekday,739175,741995,1481170
2019-08-23,Weekday,720876,723775,1444651
2019-08-24,Saturday,499355,424284,923639
2019-08-25,Sunday/Holiday,395847,327749,723596
2019-08-26,Weekday,693566,678343,1371909
2019-08-27,Weekday,776670,740341,1517011
2019-08-28,Weekday,772893,736506,1509399
2019-08-29,Weekday,769645,747141,1516786
2019-08-30,Weekday,761440,717490,1478930
2019-08-31,Saturday,482463,428658,911121
2019-09-01,Sunday/Holiday,379610,357032,736642
2019-09-02,Sunday/Holiday,374967,328376,703343
2019-09-03,Weekday,821674,738399,1560073
2019-09-04,Weekday,861286,762868,1624154
2019-09-05,Weekday,853186,800432,1653618
2019-09-06,Weekday,821645,744323,1565968
2019-09-07,Saturday,486423,420502,906925
2019-09-08,Sunday/Holiday,344385,310823,655208
2019-09-09,Weekday,829266,737160,1566426
2019-09-10,Weekday,856513,769458,1625971
2019-09-11,Weekday,848169,777407,1625576
2019-09-12,Weekday,845028,795224,1640252
2019-09-13,Weekday,822197,800812,1623009
2019-09-14,Saturday,498571,487396,985967
2019-09-15,Sunday/Holiday,353264,352467,705731
2019-09-16,Weekday,825739,777685,1603424
2019-09-17,Weekday,856186,797063,1653249
2019-09-18,Weekday,859904,807081,1666985
2019-09-19,Weekday,845624,816086,1661710
2019-09-20,Weekday,830757,803291,1634048
2019-09-21,Saturday,489155,440464,929619
2019-09-22,Sunday/Holiday,338418,299658,638076
2019-09-23,Weekday,832762,766712,1599474
2019-09-24,Weekday,850825,780378,1631203
2019-09-25,Weekday,859089,781453,1640542
2019-09-26,Weekday,853333,791418,1644751
2019-09-27,Weekday,734962,699996,1434958
2019-09-28,Saturday,476234,401745,877979
2019-09-29,Sunday/Holiday,358174,294350,652524
2019-09-30,Weekday,850333,738159,1588492
2019-10-01,Weekday,905477,772082,1677559
2019-10-02,Weekday,844694,765652,1610346
2019-10-03,Weekday,885919,781701,1667620
2019-10-04,Weekday,851906,740946,1592852
2019-10-05,Saturday,492689,388710,881399
2019-10-06,Sunday/Holiday,403747,306647,710394
2019-10-07,Weekday,845146,748413,1593559
2019-10-08,Weekday,868009,773805,1641814
2019-10-09,Weekday,857532,766121,1623653
2019-10-10,Weekday,855556,803767,1659323
2019-10-11,Weekday,776609,762011,1538620
2019-10-12,Saturday,480048,470284,950332
2019-10-13,Sunday/Holiday,319885,522816,842701
2019-10-14,Weekday,666607,698402,1365009
2019-10-15,Weekday,844826,788101,1632927
2019-10-16,Weekday,845543,782133,1627676
2019-10-17,Weekday,787285,790202,1577487
2019-10-18,Weekday,762811,778466,1541277
2019-10-19,Saturday,499700,467794,967494
2019-10-20,Sunday/Holiday,377822,340156,717978
2019-10-21,Weekday,739027,727743,1466770
2019-10-22,Weekday,772142,750644,1522786
2019-10-23,Weekday,789783,791468,1581251
2019-10-24,Weekday,790853,766559,1557412
2019-10-25,Weekday,757907,729221,1487128
2019-10-26,Saturday,412819,356371,769190
2019-10-27,Sunday/Holiday,390090,314740,704830
2019-10-28,Weekday,762580,729809,1492389
2019-10-29,Weekday,781400,752054,1533454
2019-10-30,Weekday,733054,721966,1455020
2019-10-31,Weekday,698934,693962,1392896
2019-11-01,Weekday,798542,719267,1517809
2019-11-02,Saturday,467877,381954,849831
2019-11-03,Sunday/Holiday,356367,310621,666988
2019-11-04,Weekday,848867,749735,1598602
2019-11-05,Weekday,855055,769233,1624288
2019-11-06,Weekday,840399,762015,1602414
2019-11-07,Weekday,821063,768460,1589523
2019-11-08,Weekday,718820,702518,1421338
2019-11-09,Saturday,479816,386355,866171
2019-11-10,Sunday/Holiday,353042,292170,645212
2019-11-11,Weekday,590714,604475,1195189
2019-11-12,Weekday,756604,724448,1481052
2019-11-13,Weekday,762247,729140,1491387
2019-11-14,Weekday,764328,745044,1509372
2019-11-15,Weekday,794430,732607,1527037
2019-11-16,Saturday,467987,398924,866911
2019-11-17,Sunday/Holiday,340985,280372,621357
2019-11-18,Weekday,807951,731335,1539286
2019-11-19,Weekday,822152,755257,1577409
2019-11-20,Weekday,839934,756096,1596030
2019-11-21,Weekday,790016,752762,1542778
2019-11-22,Weekday,817445,782838,1600283
2019-11-23,Saturday,468337,443394,911731
2019-11-24,Sunday/Holiday,358133,301849,659982
2019-11-25,Weekday,810928,721624,1532552
2019-11-26,Weekday,791651,707015,1498666
2019-11-27,Weekday,669245,576379,1245624
2019-11-28,Sunday/Holiday,244233,186732,430965
2019-11-29,Weekday,480801,373012,853813
2019-11-30,Saturday,386439,302733,689172
2019-12-01,Sunday/Holiday,315646,257317,572963
2019-12-02,Weekday,803894,702424,1506318
2019-12-03,Weekday,849440,732651,1582091
2019-12-04,Weekday,837738,739104,1576842
2019-12-05,Weekday,833516,761399,1594915
2019-12-06,Weekday,799551,729231,1528782
2019-12-07,Saturday,472207,404394,876601
2019-12-08,Sunday/Holiday,347917,286023,633940
2019-12-09,Weekday,786431,690443,1476874
2019-12-10,Weekday,770888,697269,1468157
2019-12-11,Weekday,753922,692730,1446652
2019-12-12,Weekday,787393,716707,1504100
2019-12-13,Weekday,788504,704438,1492942
2019-12-14,Saturday,471203,367508,838711
2019-12-15,Sunday/Holiday,348516,255659,604175
2019-12-16,Weekday,743694,648766,1392460
2019-12-17,Weekday,765207,678194,1443401
2019-12-18,Weekday,734493,658439,1392932
2019-12-19,Weekday,745959,664554,1410513
2019-12-20,Weekday,731997,640236,1372233
2019-12-21,Saturday,454167,356991,811158
2019-12-22,Sunday/Holiday,350959,283094,634053
2019-12-23,Weekday,601685,501524,1103209
2019-12-24,Weekday,462098,310604,772702
2019-12-25,Sunday/Holiday,200121,133009,333130
2019-12-26,Weekday,517911,402948,920859
2019-12-27,Weekday,552198,445835,998033
2019-12-28,Saturday,394869,298646,693515
2019-12-29,Sunday/Holiday,315428,251105,566533
2019-12-30,Weekday,544713,480721,1025434
2019-12-31,Weekday,511289,431677,942966
2020-01-01,Sunday/Holiday,267300,255759,523059
2020-01-02,Weekday,651421,565139,1216560
2020-01-03,Weekday,688165,578202,1266367
2020-01-04,Saturday,409243,306656,715899
2020-01-05,Sunday/Holiday,314424,234155,548579
2020-01-06,Weekday,750349,659521,1409870
2020-01-07,Weekday,775765,677497,1453262
2020-01-08,Weekday,744261,665227,1409488
2020-01-09,Weekday,758063,679244,1437307
2020-01-10,Weekday,753866,654344,1408210
2020-01-11,Saturday,345787,281493,627280
2020-01-12,Sunday/Holiday,294457,237736,532193
2020-01-13,Weekday,775861,699927,1475788
2020-01-14,Weekday,807239,720277,1527516
2020-01-15,Weekday,794821,720057,1514878
2020-01-16,Weekday,774375,715978,1490353
2020-01-17,Weekday,737073,687789,1424862
2020-01-18,Saturday,371460,319878,691338
2020-01-19,Sunday/Holiday,256029,219005,475034
2020-01-20,Weekday,477995,410324,888319
2020-01-21,Weekday,789718,712386,1502104
2020-01-22,Weekday,794213,715399,1509612
2020-01-23,Weekday,768601,717469,1486070
2020-01-24,Weekday,745526,677320,1422846
2020-01-25,Saturday,408051,320905,728956
2020-01-26,Sunday/Holiday,318824,241153,559977
2020-01-27,Weekday,790014,697371,1487385
2020-01-28,Weekday,802484,715500,1517984
2020-01-29,Weekday,793740,711177,1504917
2020-01-30,Weekday,787640,718793,1506433
2020-01-31,Weekday,735622,665472,1401094
2020-02-01,Saturday,449112,325925,775037
2020-02-02,Sunday/Holiday,352056,253149,605205
2020-02-03,Weekday,816538,689308,1505846
2020-02-04,Weekday,806946,710072,1517018
2020-02-05,Weekday,802795,707772,1510567
2020-02-06,Weekday,761859,701795,1463654
2020-02-07,Weekday,778480,676805,1455285
2020-02-08,Saturday,456540,325289,781829
2020-02-09,Sunday/Holiday,310705,223411,534116
2020-02-10,Weekday,799851,694168,1494019
2020-02-11,Weekday,819275,717350,1536625
2020-02-12,Weekday,785838,697300,1483138
2020-02-13,Weekday,746798,689019,1435817
2020-02-14,Weekday,674960,628729,1303689
2020-02-15,Saturday,408435,326795,735230
2020-02-16,Sunday/Holiday,338343,267790,606133
2020-02-17,Weekday,567523,502927,1070450
2020-02-18,Weekday,815098,711305,1526403
2020-02-19,Weekday,804097,707598,1511695
2020-02-20,Weekday,778698,700575,1479273
2020-02-21,Weekday,782853,675973,1458826
2020-02-22,Saturday,463771,344117,807888
2020-02-23,Sunday/Holiday,357784,260505,618289
2020-02-24,Weekday,789498,682036,1471534
2020-02-25,Weekday,781725,693749,1475474
2020-02-26,Weekday,756936,682501,1439437
2020-02-27,Weekday,778992,698886,1477878
2020-02-28,Weekday,786008,665937,1451945
2020-02-29,Saturday,458601,337983,796584
2020-03-01,Sunday/Holiday,357257,267438,624695
2020-03-02,Weekday,785700,666046,1451746
2020-03-03,Weekday,834640,701777,1536417
2020-03-04,Weekday,815420,699192,1514612
2020-03-05,Weekday,803260,698732,1501992
2020-03-06,Weekday,767084,655010,1422094
2020-03-07,Saturday,455672,366530,822202
2020-03-08,Sunday/Holiday,343291,269577,612868
2020-03-09,Weekday,736013,647602,1383615
2020-03-10,Weekday,787025,678996,1466021
2020-03-11,Weekday,767610,660739,1428349
2020-03-12,Weekday,737628,601682,1339310
2020-03-13,Weekday,674594,496474,1171068
2020-03-14,Saturday,347925,235841,583766
2020-03-15,Sunday/Holiday,256591,166575,423166
2020-03-16,Weekday,493179,284844,778023
2020-03-17,Weekday,390091,217294,607385
2020-03-18,Weekday,320242,179316,499558
2020-03-19,Weekday,305501,163013,468514
2020-03-20,Weekday,303882,152797,456679
2020-03-21,Saturday,185406,86695,272101
2020-03-22,Sunday/Holiday,113282,60490,173772
2020-03-23,Weekday,212121,103992,316113
2020-03-24,Weekday,220319,105312,325631
2020-03-25,Weekday,229414,106913,336327
2020-03-26,Weekday,211746,100860,312606
2020-03-27,Weekday,220715,102714,323429
2020-03-28,Saturday,144561,68572,213133
2020-03-29,Sunday/Holiday,111188,57736,168924
2020-03-30,Weekday,208762,96996,305758
2020-03-31,Weekday,200537,94709,295246
2020-04-01,Weekday,235503,100042,335545
2020-04-02,Weekday,214222,95183,309405
2020-04-03,Weekday,240528,101015,341543
2020-04-04,Saturday,154302,65727,220029
2020-04-05,Sunday/Holiday,118701,53173,171874
2020-04-06,Weekday,199323,89714,289037
2020-04-07,Weekday,202629,90824,293453
2020-04-08,Weekday,197789,88894,286683
2020-04-09,Weekday,189898,86725,276623
2020-04-10,Weekday,202934,85608,288542
2020-04-11,Saturday,161743,59808,221551
2020-04-12,Sunday/Holiday,117907,46243,164150
2020-04-13,Weekday,199679,79074,278753
2020-04-14,Weekday,196277,79616,275893
2020-04-15,Weekday,199545,78844,278389
2020-04-16,Weekday,213862,79764,293626
2020-04-17,Weekday,205280,77935,283215
2020-04-18,Saturday,175887,58347,234234
2020-04-19,Sunday/Holiday,135539,47512,183051
2020-04-20,Weekday,225938,79017,304955
2020-04-21,Weekday,219120,77886,297006
2020-04-22,Weekday,213080,77822,290902
2020-04-23,Weekday,214131,77918,292049
2020-04-24,Weekday,225498,78966,304464
2020-04-25,Saturday,156179,51764,207943
2020-04-26,Sunday/Holiday,145023,47350,192373
2020-04-27,Weekday,230903,77830,308733
2020-04-28,Weekday,229831,79284,309115
2020-04-29,Weekday,205453,74942,280395
2020-04-30,Weekday,224948,79783,304731
2020-05-01,Weekday,272700,89139,361839
2020-05-02,Saturday,210617,59142,269759
2020-05-03,Sunday/Holiday,155791,49160,204951
2020-05-04,Weekday,244960,79706,324666
2020-05-05,Weekday,224885,77485,302370
2020-05-06,Weekday,248434,82526,330960
2020-05-07,Weekday,247597,83941,331538
2020-05-08,Weekday,242402,82107,324509
2020-05-09,Saturday,206907,59372,266279
2020-05-10,Sunday/Holiday,134047,43773,177820
2020-05-11,Weekday,236521,77650,314171
2020-05-12,Weekday,244938,81217,326155
2020-05-13,Weekday,259169,83529,342698
2020-05-14,Weekday,211894,76152,288046
2020-05-15,Weekday,261148,82454,343602
2020-05-16,Saturday,204433,60144,264577
2020-05-17,Sunday/Holiday,119698,40451,160149
2020-05-18,Weekday,242568,80822,323390
2020-05-19,Weekday,228412,79752,308164
2020-05-20,Weekday,253916,85596,339512
2020-05-21,Weekday,244336,85164,329500
2020-05-22,Weekday,255894,86436,342330
2020-05-23,Saturday,198708,59164,257872
2020-05-24,Sunday/Holiday,171095,53281,224376
2020-05-25,Sunday/Holiday,170039,52921,222960
2020-05-26,Weekday,260758,84940,345698
2020-05-27,Weekday,258713,86518,345231
2020-05-28,Weekday,250675,86579,337254
2020-05-29,Weekday,265087,92565,357652
2020-05-30,Saturday,210004,69848,279852
2020-05-31,Sunday/Holiday,86503,23544,110047
2020-06-01,Weekday,146931,27517,174448
2020-06-02,Weekday,154414,31544,185958
2020-06-03,Weekday,207502,68423,275925
2020-06-04,Weekday,236590,83605,320195
2020-06-05,Weekday,252137,90734,342871
2020-06-06,Saturday,184406,69622,254028
2020-06-07,Sunday/Holiday,143697,53232,196929
2020-06-08,Weekday,263520,100516,364036
2020-06-09,Weekday,245154,98717,343871
2020-06-10,Weekday,258523,101685,360208
2020-06-11,Weekday,282597,110709,393306
2020-06-12,Weekday,276051,113656,389707
2020-06-13,Saturday,206386,81727,288113
2020-06-14,Sunday/Holiday,165299,66384,231683
2020-06-15,Weekday,294517,111956,406473
2020-06-16,Weekday,301881,114566,416447
2020-06-17,Weekday,306380,117798,424178
2020-06-18,Weekday,305028,119506,424534
2020-06-19,Weekday,303502,125162,428664
2020-06-20,Saturday,221620,81634,303254
2020-06-21,Sunday/Holiday,165913,70884,236797
2020-06-22,Weekday,260524,114622,375146
2020-06-23,Weekday,299680,131100,430780
2020-06-24,Weekday,286680,133015,419695
2020-06-25,Weekday,304522,139288,443810
2020-06-26,Weekday,275240,130402,405642
2020-06-27,Saturday,233358,106092,339450
2020-06-28,Sunday/Holiday,171693,86966,258659
2020-06-29,Weekday,279383,133291,412674
2020-06-30,Weekday,298563,140782,439345
2020-07-01,Weekday,327984,148683,476667
2020-07-02,Weekday,320859,149071,469930
2020-07-03,Sunday/Holiday,272940,127079,400019
2020-07-04,Saturday,188378,94601,282979
2020-07-05,Sunday/Holiday,166998,84977,251975
2020-07-06,Weekday,301317,143054,444371
2020-07-07,Weekday,300508,147310,447818
2020-07-08,Weekday,301892,149845,451737
2020-07-09,Weekday,301260,149971,451231
2020-07-10,Weekday,312226,155529,467755
2020-07-11,Saturday,233152,112641,345793
2020-07-12,Sunday/Holiday,174761,90382,265143
2020-07-13,Weekday,309700,149117,458817
2020-07-14,Weekday,312379,152758,465137
2020-07-15,Weekday,295648,147794,443442
2020-07-16,Weekday,306288,154912,461200
2020-07-17,Weekday,315882,161335,477217
2020-07-18,Saturday,219217,109549,328766
2020-07-19,Sunday/Holiday,148461,80714,229175
2020-07-20,Weekday,307261,149404,456665
2020-07-21,Weekday,297659,148632,446291
2020-07-22,Weekday,306629,152652,459281
2020-07-23,Weekday,315401,156970,472371
2020-07-24,Weekday,318269,161024,479293
2020-07-25,Saturday,228619,116404,345023
2020-07-26,Sunday/Holiday,163332,90069,253401
2020-07-27,Weekday,295579,144168,439747
2020-07-28,Weekday,314899,153221,468120
2020-07-29,Weekday,305332,152279,457611
2020-07-30,Weekday,307576,156312,463888
2020-07-31,Weekday,338021,164604,502625
2020-08-01,Saturday,235944,117414,353358
2020-08-02,Sunday/Holiday,169536,89199,258735
2020-08-03,Weekday,324028,152552,476580
2020-08-04,Weekday,326128,157759,483887
2020-08-05,Weekday,319021,157695,476716
2020-08-06,Weekday,320751,159609,480360
2020-08-07,Weekday,326107,164886,490993
2020-08-08,Saturday,232723,118676,351399
2020-08-09,Sunday/Holiday,175080,93832,268912
2020-08-10,Weekday,250672,96642,347314
2020-08-11,Weekday,309009,138581,447590
2020-08-12,Weekday,313739,146680,460419
2020-08-13,Weekday,313917,150941,464858
2020-08-14,Weekday,315311,155653,470964
2020-08-15,Saturday,215071,107720,322791
2020-08-16,Sunday/Holiday,172492,89599,262091
2020-08-17,Weekday,304431,147684,452115
2020-08-18,Weekday,313038,155406,468444
2020-08-19,Weekday,317835,158653,476488
2020-08-20,Weekday,317199,160843,478042
2020-08-21,Weekday,322563,165104,487667
2020-08-22,Saturday,229626,119732,349358
2020-08-23,Sunday/Holiday,167737,93123,260860
2020-08-24,Weekday,295919,152126,448045
2020-08-25,Weekday,306720,156020,462740
2020-08-26,Weekday,311882,158419,470301
2020-08-27,Weekday,307570,159603,467173
2020-08-28,Weekday,313712,163890,477602
2020-08-29,Saturday,228415,120335,348750
2020-08-30,Sunday/Holiday,172100,96089,268189
2020-08-31,Weekday,312659,156093,468752
2020-09-01,Weekday,320186,157112,477298
2020-09-02,Weekday,335025,167989,503014
2020-09-03,Weekday,347516,172408,519924
2020-09-04,Weekday,339339,176834,516173
2020-09-05,Saturday,239660,134087,373747
2020-09-06,Sunday/Holiday,161152,98132,259284
2020-09-07,Sunday/Holiday,189391,104992,294383
2020-09-08,Weekday,288854,151558,440412
2020-09-09,Weekday,318510,162823,481333
2020-09-10,Weekday,320927,167696,488623
2020-09-11,Weekday,323815,172643,496458
2020-09-12,Saturday,213040,118325,331365
2020-09-13,Sunday/Holiday,183881,104162,288043
2020-09-14,Weekday,314508,159479,473987
2020-09-15,Weekday,323465,166872,490337
2020-09-16,Weekday,323500,171467,494967
2020-09-17,Weekday,322703,171455,494158
2020-09-18,Weekday,329339,179021,508360
2020-09-19,Saturday,240028,135343,375371
2020-09-20,Sunday/Holiday,175502,101785,277287
2020-09-21,Weekday,312717,160531,473248
2020-09-22,Weekday,324554,166852,491406
2020-09-23,Weekday,326416,169407,495823
2020-09-24,Weekday,321314,169953,491267
2020-09-25,Weekday,338121,180938,519059
2020-09-26,Saturday,239686,136388,376074
2020-09-27,Sunday/Holiday,176943,102308,279251
2020-09-28,Weekday,299874,158980,458854
2020-09-29,Weekday,323062,167874,490936
2020-09-30,Weekday,320186,169305,489491
2020-10-01,Weekday,336911,173387,510298
2020-10-02,Weekday,349664,182413,532077
2020-10-03,Saturday,241921,133772,375693
2020-10-04,Sunday/Holiday,179954,100387,280341
2020-10-05,Weekday,326242,164517,490759
2020-10-06,Weekday,332474,168456,500930
2020-10-07,Weekday,333595,171757,505352
2020-10-08,Weekday,334365,174469,508834
2020-10-09,Weekday,335842,183544,519386
2020-10-10,Saturday,248858,137846,386704
2020-10-11,Sunday/Holiday,181194,103244,284438
2020-10-12,Weekday,271925,145635,417560
2020-10-13,Weekday,334145,170998,505143
2020-10-14,Weekday,334911,172419,507330
2020-10-15,Weekday,323424,172888,496312
2020-10-16,Weekday,324544,178507,503051
2020-10-17,Saturday,231563,134238,365801
2020-10-18,Sunday/Holiday,150496,92227,242723
2020-10-19,Weekday,300842,158006,458848
2020-10-20,Weekday,310091,163811,473902
2020-10-21,Weekday,321256,167872,489128
2020-10-22,Weekday,318012,168824,486836
2020-10-23,Weekday,288787,166459,455246
2020-10-24,Saturday,239353,132006,371359
2020-10-25,Sunday/Holiday,160807,94731,255538
2020-10-26,Weekday,294204,155238,449442
2020-10-27,Weekday,299100,158973,458073
2020-10-28,Weekday,318538,165838,484376
2020-10-29,Weekday,304342,165360,469702
2020-10-30,Weekday,334559,172445,507004
2020-10-31,Saturday,224885,120080,344965
2020-11-01,Sunday/Holiday,149896,85934,235830
2020-11-02,Weekday,301558,154284,455842
2020-11-03,Weekday,317723,149741,467464
2020-11-04,Weekday,306904,151147,458051
2020-11-05,Weekday,311836,158434,470270
2020-11-06,Weekday,318896,167110,486006
2020-11-07,Saturday,226237,126890,353127
2020-11-08,Sunday/Holiday,166538,94199,260737
2020-11-09,Weekday,308098,157126,465224
2020-11-10,Weekday,298502,153003,451505
2020-11-11,Weekday,286362,147595,433957
2020-11-12,Weekday,305497,158496,463993
2020-11-13,Weekday,305354,159535,464889
2020-11-14,Saturday,206691,104500,311191
2020-11-15,Sunday/Holiday,136434,75619,212053
2020-11-16,Weekday,282290,140661,422951
2020-11-17,Weekday,279757,140971,420728
2020-11-18,Weekday,285245,143331,428576
2020-11-19,Weekday,292548,148286,440834
2020-11-20,Weekday,297292,149612,446904
2020-11-21,Saturday,206379,100672,307051
2020-11-22,Sunday/Holiday,146562,74926,221488
2020-11-23,Weekday,283365,138635,422000
2020-11-24,Weekday,264500,135119,399619
2020-11-25,Weekday,267787,131704,399491
2020-11-26,Sunday/Holiday,119470,56839,176309
2020-11-27,Weekday,221878,106692,328570
2020-11-28,Saturday,198860,97141,296001
2020-11-29,Sunday/Holiday,145682,76276,221958
2020-11-30,Weekday,255801,130426,386227
2020-12-01,Weekday,290906,138364,429270
2020-12-02,Weekday,289930,137598,427528
2020-12-03,Weekday,301357,142080,443437
2020-12-04,Weekday,297160,144348,441508
2020-12-05,Saturday,206508,100869,307377
2020-12-06,Sunday/Holiday,144322,74099,218421
2020-12-07,Weekday,272363,133537,405900
2020-12-08,Weekday,277139,137145,414284
2020-12-09,Weekday,293699,143390,437089
2020-12-10,Weekday,297368,144459,441827
2020-12-11,Weekday,277727,138386,416113
2020-12-12,Saturday,181545,92521,274066
2020-12-13,Sunday/Holiday,150344,78380,228724
2020-12-14,Weekday,269583,135394,404977
2020-12-15,Weekday,273075,137120,410195
2020-12-16,Weekday,269375,138422,407797
2020-12-17,Weekday,273791,139375,413166
2020-12-18,Weekday,284841,144568,429409
2020-12-19,Saturday,201406,101970,303376
2020-12-20,Sunday/Holiday,157805,80063,237868
2020-12-21,Weekday,280892,137696,418588
2020-12-22,Weekday,289292,140759,430051
2020-12-23,Weekday,283137,138325,421462
2020-12-24,Weekday,201261,92528,293789
2020-12-25,Sunday/Holiday,80783,40861,121644
2020-12-26,Saturday,170294,81793,252087
2020-12-27,Sunday/Holiday,139350,72363,211713
2020-12-28,Weekday,259552,125317,384869
2020-12-29,Weekday,253437,128558,381995
2020-12-30,Weekday,244219,126447,370666
2020-12-31,Weekday,254787,114338,369125
2021-01-01,Sunday/Holiday,114115,62077,176192
2021-01-02,Saturday,186877,91034,277911
2021-01-03,Sunday/Holiday,140440,72391,212831
2021-01-04,Weekday,282862,132124,414986
2021-01-05,Weekday,281724,134514,416238
2021-01-06,Weekday,278317,136069,414386
2021-01-07,Weekday,270340,135092,405432
2021-01-08,Weekday,272827,137181,410008
2021-01-09,Saturday,205370,101095,306465
2021-01-10,Sunday/Holiday,145412,71867,217279
2021-01-11,Weekday,262355,129615,391970
2021-01-12,Weekday,277882,136866,414748
2021-01-13,Weekday,282529,140007,422536
2021-01-14,Weekday,275747,137634,413381
2021-01-15,Weekday,277928,139988,417916
2021-01-16,Saturday,193303,96530,289833
2021-01-17,Sunday/Holiday,143923,72570,216493
2021-01-18,Weekday,227108,113727,340835
2021-01-19,Weekday,270497,137227,407724
2021-01-20,Weekday,257638,131313,388951
2021-01-21,Weekday,287899,144085,431984
2021-01-22,Weekday,264517,138811,403328
2021-01-23,Saturday,190988,96503,287491
2021-01-24,Sunday/Holiday,141538,71996,213534
2021-01-25,Weekday,265782,135618,401400
2021-01-26,Weekday,233767,127803,361570
2021-01-27,Weekday,262570,138610,401180
2021-01-28,Weekday,265152,140259,405411
2021-01-29,Weekday,285439,148439,433878
2021-01-30,Saturday,192267,102119,294386
2021-01-31,Sunday/Holiday,119669,75697,195366
2021-02-01,Weekday,285366,145356,430722
2021-02-02,Weekday,288369,146050,434419
2021-02-03,Weekday,315672,152303,467975
2021-02-04,Weekday,278515,147593,426108
2021-02-05,Weekday,250369,139613,389982
2021-02-06,Saturday,161437,89065,250502
2021-02-07,Sunday/Holiday,110637,64459,175096
2021-02-08,Weekday,242899,128998,371897
2021-02-09,Weekday,260772,137064,397836
2021-02-10,Weekday,267271,141210,408481
2021-02-11,Weekday,269772,146284,416056
2021-02-12,Weekday,280767,149261,430028
2021-02-13,Saturday,186257,106030,292287
2021-02-14,Sunday/Holiday,121070,73603,194673
2021-02-15,Weekday,196912,118258,315170
2021-02-16,Weekday,206197,114830,321027
2021-02-17,Weekday,278930,149828,428758
2021-02-18,Weekday,283168,155250,438418
2021-02-19,Weekday,287852,156832,444684
2021-02-20,Saturday,192157,112011,304168
2021-02-21,Sunday/Holiday,146116,81211,227327
2021-02-22,Weekday,280331,146573,426904
2021-02-23,Weekday,308822,157020,465842
2021-02-24,Weekday,307300,156793,464093
2021-02-25,Weekday,300304,157867,458171
2021-02-26,Weekday,309217,164565,473782
2021-02-27,Saturday,232432,127246,359678
2021-02-28,Sunday/Holiday,158200,87008,245208
2021-03-01,Weekday,309106,149826,458932
2021-03-02,Weekday,308998,156140,465138
2021-03-03,Weekday,333410,163566,496976
2021-03-04,Weekday,309302,159889,469191
2021-03-05,Weekday,317629,167771,485400
2021-03-06,Saturday,228890,124851,353741
2021-03-07,Sunday/Holiday,173071,95906,268977
2021-03-08,Weekday,317267,159512,476779
2021-03-09,Weekday,327340,164868,492208
2021-03-10,Weekday,312074,161736,473810
2021-03-11,Weekday,318121,165057,483178
2021-03-12,Weekday,323199,172476,495675
2021-03-13,Saturday,247738,148004,395742
2021-03-14,Sunday/Holiday,163299,97387,260686
2021-03-15,Weekday,265818,144990,410808
2021-03-16,Weekday,300583,158171,458754
2021-03-17,Weekday,310656,165207,475863
2021-03-18,Weekday,293346,160989,454335
2021-03-19,Weekday,330666,178106,508772
2021-03-20,Saturday,246067,141702,387769
2021-03-21,Sunday/Holiday,187953,111138,299091
2021-03-22,Weekday,319333,164624,483957
2021-03-23,Weekday,303876,159635,463511
2021-03-24,Weekday,320929,168422,489351
2021-03-25,Weekday,316190,168278,484468
2021-03-26,Weekday,321386,175255,496641
2021-03-27,Saturday,235940,137705,373645
2021-03-28,Sunday/Holiday,171037,101679,272716
2021-03-29,Weekday,316586,165113,481699
2021-03-30,Weekday,324218,170588,494806
2021-03-31,Weekday,313521,168955,482476
2021-04-01,Weekday,330414,178267,508681
2021-04-02,Weekday,329144,180602,509746
2021-04-03,Saturday,258780,150786,409566
2021-04-04,Sunday/Holiday,178580,105039,283619
2021-04-05,Weekday,313426,166404,479830
2021-04-06,Weekday,338664,181795,520459
2021-04-07,Weekday,340512,181069,521581
2021-04-08,Weekday,302569,171140,473709
2021-04-09,Weekday,330542,186985,517527
2021-04-10,Saturday,212976,129831,342807
2021-04-11,Sunday/Holiday,177686,105758,283444
2021-04-12,Weekday,326192,170290,496482
2021-04-13,Weekday,335197,179135,514332
2021-04-14,Weekday,320689,173838,494527
2021-04-15,Weekday,321850,179206,501056
2021-04-16,Weekday,334144,199086,533230
2021-04-17,Saturday,237265,155208,392473
2021-04-18,Sunday/Holiday,177249,112596,289845
2021-04-19,Weekday,307407,165608,473015
2021-04-20,Weekday,310048,170031,480079
2021-04-21,Weekday,313705,173325,487030
2021-04-22,Weekday,336610,187886,524496
2021-04-23,Weekday,341811,203880,545691
2021-04-24,Saturday,234939,149135,384074
2021-04-25,Sunday/Holiday,175558,113050,288608
2021-04-26,Weekday,337128,176283,513411
2021-04-27,Weekday,352388,193712,546100
2021-04-28,Weekday,303689,172569,476258
2021-04-29,Weekday,327089,184416,511505
2021-04-30,Weekday,358329,207166,565495
2021-05-01,Saturday,266141,170503,436644
2021-05-02,Sunday/Holiday,195776,126355,322131
2021-05-03,Weekday,334667,174120,508787
2021-05-04,Weekday,330540,183621,514161
2021-05-05,Weekday,346837,193605,540442
2021-05-06,Weekday,322453,187545,509998
2021-05-07,Weekday,351011,212194,563205
2021-05-08,Saturday,255252,161702,416954
2021-05-09,Sunday/Holiday,158199,108981,267180
2021-05-10,Weekday,317899,175820,493719
2021-05-11,Weekday,338523,189589,528112
2021-05-12,Weekday,337223,193841,531064
2021-05-13,Weekday,347914,205589,553503
2021-05-14,Weekday,353950,222830,576780
2021-05-15,Saturday,234951,166559,401510
2021-05-16,Sunday/Holiday,195939,137410,333349
2021-05-17,Weekday,333150,190203,523353
2021-05-18,Weekday,338267,195305,533572
2021-05-19,Weekday,331674,198718,530392
2021-05-20,Weekday,350455,215181,565636
2021-05-21,Weekday,353721,226276,579997
2021-05-22,Saturday,265066,188124,453190
2021-05-23,Sunday/Holiday,184730,129720,314450
2021-05-24,Weekday,338290,196524,534814
2021-05-25,Weekday,345371,205679,551050
2021-05-26,Weekday,349319,208470,557789
2021-05-27,Weekday,334991,208682,543673
2021-05-28,Weekday,313635,217115,530750
2021-05-29,Saturday,266944,208819,475763
2021-05-30,Sunday/Holiday,209937,177745,387682
2021-05-31,Sunday/Holiday,194901,147880,342781
2021-06-01,Weekday,349451,221402,570853
2021-06-02,Weekday,356620,222827,579447
2021-06-03,Weekday,382161,231398,613559
2021-06-04,Weekday,374475,244454,618929
2021-06-05,Saturday,278036,199123,477159
2021-06-06,Sunday/Holiday,204309,148509,352818
2021-06-07,Weekday,343982,202767,546749
2021-06-08,Weekday,366854,222841,589695
2021-06-09,Weekday,367755,231622,599377
2021-06-10,Weekday,374697,246542,621239
2021-06-11,Weekday,375533,271425,646958
2021-06-12,Saturday,265224,224185,489409
2021-06-13,Sunday/Holiday,219260,184714,403974
2021-06-14,Weekday,362267,227377,589644
2021-06-15,Weekday,372531,238872,611403
2021-06-16,Weekday,374362,242785,617147
2021-06-17,Weekday,372186,247900,620086
2021-06-18,Weekday,362823,272803,635626
2021-06-19,Saturday,276925,238075,515000
2021-06-20,Sunday/Holiday,194025,158875,352900
2021-06-21,Weekday,349781,237699,587480
2021-06-22,Weekday,376511,256084,632595
2021-06-23,Weekday,362682,239858,602540
2021-06-24,Weekday,345186,240440,585626
2021-06-25,Weekday,343853,251904,595757
2021-06-26,Saturday,232678,190791,423469
2021-06-27,Sunday/Holiday,219887,176898,396785
2021-06-28,Weekday,337566,218776,556342
2021-06-29,Weekday,346254,229881,576135
2021-06-30,Weekday,356837,237763,594600
2021-07-01,Weekday,397781,257789,655570
2021-07-02,Weekday,389185,254956,644141
2021-07-03,Saturday,292341,215230,507571
2021-07-04,Sunday/Holiday,214496,167760,382256
2021-07-05,Sunday/Holiday,237811,178415,416226
2021-07-06,Weekday,378230,255296,633526
2021-07-07,Weekday,371601,261796,633397
2021-07-08,Weekday,375578,276819,652397
2021-07-09,Weekday,389894,302893,692787
2021-07-10,Saturday,275612,238903,514515
2021-07-11,Sunday/Holiday,189913,165360,355273
2021-07-12,Weekday,363268,237710,600978
2021-07-13,Weekday,375230,250575,625805
2021-07-14,Weekday,396163,262113,658276
2021-07-15,Weekday,374072,261351,635423
2021-07-16,Weekday,379552,280527,660079
2021-07-17,Saturday,296714,245066,541780
2021-07-18,Sunday/Holiday,226558,191007,417565
2021-07-19,Weekday,377772,248181,625953
2021-07-20,Weekday,390578,264471,655049
2021-07-21,Weekday,392548,274123,666671
2021-07-22,Weekday,390531,275892,666423
2021-07-23,Weekday,386289,298869,685158
2021-07-24,Saturday,280927,250014,530941
2021-07-25,Sunday/Holiday,221645,198799,420444
2021-07-26,Weekday,373206,260296,633502
2021-07-27,Weekday,387327,279049,666376
2021-07-28,Weekday,390425,298392,688817
2021-07-29,Weekday,394751,362106,756857
2021-07-30,Weekday,402364,362949,765313
2021-07-31,Saturday,292772,310759,603531
2021-08-01,Sunday/Holiday,223161,244404,467565
2021-08-02,Weekday,374987,259408,634395
2021-08-03,Weekday,407869,267547,675416
2021-08-04,Weekday,401665,271469,673134
2021-08-05,Weekday,401248,283716,684964
2021-08-06,Weekday,387894,313936,701830
2021-08-07,Saturday,301542,275050,576592
2021-08-08,Sunday/Holiday,223653,187344,410997
2021-08-09,Weekday,334547,240520,575067
2021-08-10,Weekday,372961,264354,637315
2021-08-11,Weekday,364185,258741,622926
2021-08-12,Weekday,381061,280760,661821
2021-08-13,Weekday,396567,277082,673649
2021-08-14,Saturday,294345,252710,547055
2021-08-15,Sunday/Holiday,221156,205673,426829
2021-08-16,Weekday,371748,246824,618572
2021-08-17,Weekday,385106,259308,644414
2021-08-18,Weekday,387316,265679,652995
2021-08-19,Weekday,390171,274749,664920
2021-08-20,Weekday,399149,298535,697684
2021-08-21,Saturday,282205,248705,530910
2021-08-22,Sunday/Holiday,231270,202393,433663
2021-08-23,Weekday,389873,263283,653156
2021-08-24,Weekday,382748,259641,642389
2021-08-25,Weekday,398464,278830,677294
2021-08-26,Weekday,417416,287640,705056
2021-08-27,Weekday,411406,302286,713692
2021-08-28,Saturday,290939,232278,523217
2021-08-29,Sunday/Holiday,215493,180030,395523
2021-08-30,Weekday,452128,283312,735440
2021-08-31,Weekday,457408,294988,752396
2021-09-01,Weekday,483883,302972,786855
2021-09-02,Weekday,466988,316474,783462
2021-09-03,Weekday,460822,332962,793784
2021-09-04,Saturday,288744,249857,538601
2021-09-05,Sunday/Holiday,238982,232104,471086
2021-09-06,Sunday/Holiday,231171,190360,421531
2021-09-07,Weekday,445989,291803,737792
2021-09-08,Weekday,480111,320091,800202
2021-09-09,Weekday,471953,326271,798224
2021-09-10,Weekday,469400,355788,825188
2021-09-11,Saturday,292316,276714,569030
2021-09-12,Sunday/Holiday,216327,206582,422909
2021-09-13,Weekday,450527,296554,747081
2021-09-14,Weekday,468812,311965,780777
2021-09-15,Weekday,472623,329295,801918
2021-09-16,Weekday,467659,365090,832749
2021-09-17,Weekday,469512,377373,846885
2021-09-18,Saturday,297188,295961,593149
2021-09-19,Sunday/Holiday,221743,220835,442578
2021-09-20,Weekday,443252,298947,742199
2021-09-21,Weekday,452211,319330,771541
2021-09-22,Weekday,450883,322522,773405
2021-09-23,Weekday,464140,327671,791811
2021-09-24,Weekday,463710,365392,829102
2021-09-25,Saturday,300821,296621,597442
2021-09-26,Sunday/Holiday,214958,195380,410338
2021-09-27,Weekday,458134,298532,756666
2021-09-28,Weekday,474767,315354,790121
2021-09-29,Weekday,471319,323001,794320
2021-09-30,Weekday,469820,326450,796270
2021-10-01,Weekday,486451,343048,829499
2021-10-02,Saturday,283289,248678,531967
2021-10-03,Sunday/Holiday,209009,188875,397884
2021-10-04,Weekday,453108,297717,750825
2021-10-05,Weekday,469691,317319,787010
2021-10-06,Weekday,474666,317494,792160
2021-10-07,Weekday,447936,323569,771505
2021-10-08,Weekday,461163,348740,809903
2021-10-09,Saturday,301635,281790,583425
2021-10-10,Sunday/Holiday,194232,312750,506982
2021-10-11,Weekday,335704,269043,604747
2021-10-12,Weekday,469702,337547,807249
2021-10-13,Weekday,456836,323735,780571
2021-10-14,Weekday,466987,336464,803451
2021-10-15,Weekday,456194,338278,794472
2021-10-16,Saturday,301890,266017,567907
2021-10-17,Sunday/Holiday,219929,196386,416315
2021-10-18,Weekday,447658,303246,750904
2021-10-19,Weekday,467179,323286,790465
2021-10-20,Weekday,470815,323794,794609
2021-10-21,Weekday,449160,330258,779418
2021-10-22,Weekday,446072,328904,774976
2021-10-23,Saturday,288871,244421,533292
2021-10-24,Sunday/Holiday,171424,144992,316416
2021-10-25,Weekday,384314,270031,654345
2021-10-26,Weekday,476997,320974,797971
2021-10-27,Weekday,475784,327121,802905
2021-10-28,Weekday,447442,328865,776307
2021-10-29,Weekday,407815,307878,715693
2021-10-30,Saturday,280283,244786,525069
2021-10-31,Sunday/Holiday,203393,183268,386661
2021-11-01,Weekday,452937,300996,753933
2021-11-02,Weekday,463908,319122,783030
2021-11-03,Weekday,481029,327770,808799
2021-11-04,Weekday,463508,333562,797070
2021-11-05,Weekday,403870,312819,716689
2021-11-06,Saturday,279147,235533,514680
2021-11-07,Sunday/Holiday,211114,177817,388931
2021-11-08,Weekday,458387,305403,763790
2021-11-09,Weekday,465479,324645,790124
2021-11-10,Weekday,474682,332506,807188
2021-11-11,Weekday,349696,286823,636519
2021-11-12,Weekday,381722,302454,684176
2021-11-13,Saturday,263401,221836,485237
2021-11-14,Sunday/Holiday,191694,153282,344976
2021-11-15,Weekday,427781,292876,720657
2021-11-16,Weekday,463846,321135,784981
2021-11-17,Weekday,436216,311717,747933
2021-11-18,Weekday,413008,315161,728169
2021-11-19,Weekday,443247,337202,780449
2021-11-20,Saturday,271655,276136,547791
2021-11-21,Sunday/Holiday,214017,179537,393554
2021-11-22,Weekday,428156,288075,716231
2021-11-23,Weekday,437577,300261,737838
2021-11-24,Weekday,359261,257882,617143
2021-11-25,Sunday/Holiday,136680,103108,239788
2021-11-26,Weekday,257700,189694,447394
2021-11-27,Saturday,237839,187065,424904
2021-11-28,Sunday/Holiday,184817,147830,332647
2021-11-29,Weekday,421322,276090,697412
2021-11-30,Weekday,450230,302349,752579
2021-12-01,Weekday,464613,309075,773688
2021-12-02,Weekday,466625,323958,790583
2021-12-03,Weekday,460247,320326,780573
2021-12-04,Saturday,282720,237153,519873
2021-12-05,Sunday/Holiday,175680,150682,326362
2021-12-06,Weekday,419783,278439,698222
2021-12-07,Weekday,412108,287065,699173
2021-12-08,Weekday,440298,300242,740540
2021-12-09,Weekday,441609,310636,752245
2021-12-10,Weekday,425279,297443,722722
2021-12-11,Saturday,253954,221509,475463
2021-12-12,Sunday/Holiday,200373,165296,365669
2021-12-13,Weekday,425654,272016,697670
2021-12-14,Weekday,443484,293750,737234
2021-12-15,Weekday,441500,299691,741191
2021-12-16,Weekday,424823,297427,722250
2021-12-17,Weekday,405415,282060,687475
2021-12-18,Saturday,243767,196349,440116
2021-12-19,Sunday/Holiday,193554,150673,344227
2021-12-20,Weekday,346355,235596,581951
2021-12-21,Weekday,343757,224928,568685
2021-12-22,Weekday,314359,209334,523693
2021-12-23,Weekday,311895,192858,504753
2021-12-24,Sunday/Holiday,215369,118922,334291
2021-12-25,Saturday,101622,63575,165197
2021-12-26,Sunday/Holiday,160349,106278,266627
2021-12-27,Weekday,276748,170801,447549
2021-12-28,Weekday,267102,174336,441438
2021-12-29,Weekday,294413,191745,486158
2021-12-30,Weekday,295024,194851,489875
2021-12-31,Sunday/Holiday,227449,163183,390632
2022-01-01,Saturday,115581,116473,232054
2022-01-02,Sunday/Holiday,141100,114070,255170
2022-01-03,Weekday,308893,184727,493620
2022-01-04,Weekday,343163,202963,546126
2022-01-05,Weekday,261752,177105,438857
2022-01-06,Weekday,256983,175465,432448
2022-01-07,Weekday,246042,172216,418258
2022-01-08,Saturday,190569,133844,324413
2022-01-09,Sunday/Holiday,139413,102330,241743
2022-01-10,Weekday,273785,175964,449749
2022-01-11,Weekday,299534,190644,490178
2022-01-12,Weekday,364308,214250,578558
2022-01-13,Weekday,364235,218508,582743
2022-01-14,Weekday,355305,224098,579403
2022-01-15,Saturday,201975,153357,355332
2022-01-16,Sunday/Holiday,157849,117493,275342
2022-01-17,Weekday,247901,160202,408103
2022-01-18,Weekday,394532,239770,634302
2022-01-19,Weekday,373531,235997,609528
2022-01-20,Weekday,343001,227670,570671
2022-01-21,Weekday,360918,227754,588672
2022-01-22,Saturday,213615,153452,367067
2022-01-23,Sunday/Holiday,149802,112997,262799
2022-01-24,Weekday,352311,235351,587662
2022-01-25,Weekday,352155,234112,586267
2022-01-26,Weekday,313683,215518,529201
2022-01-27,Weekday,388880,254620,643500
2022-01-28,Weekday,310477,229809,540286
2022-01-29,Saturday,216590,160644,377234
2022-01-30,Sunday/Holiday,163483,115445,278928
2022-01-31,Weekday,405219,253283,658502
2022-02-01,Weekday,438309,273732,712041
2022-02-02,Weekday,252363,189573,441936
2022-02-03,Weekday,342011,232018,574029
2022-02-04,Weekday,391793,263572,655365
2022-02-05,Saturday,222874,169731,392605
2022-02-06,Sunday/Holiday,179811,125211,305022
2022-02-07,Weekday,405768,257867,663635
2022-02-08,Weekday,431086,280312,711398
2022-02-09,Weekday,433494,283336,716830
2022-02-10,Weekday,426111,284248,710359
2022-02-11,Weekday,413489,269373,682862
2022-02-12,Saturday,236977,177109,414086
2022-02-13,Sunday/Holiday,175728,133282,309010
2022-02-14,Weekday,400492,260703,661195
2022-02-15,Weekday,434683,282736,717419
2022-02-16,Weekday,436057,286506,722563
2022-02-17,Weekday,365062,260175,625237
2022-02-18,Weekday,383850,268927,652777
2022-02-19,Saturday,228190,179991,408181
2022-02-20,Sunday/Holiday,193971,146532,340503
2022-02-21,Weekday,330376,219366,549742
2022-02-22,Weekday,402852,275702,678554
2022-02-23,Weekday,434639,288569,723208
2022-02-24,Weekday,417551,290246,707797
2022-02-25,Weekday,411882,278287,690169
2022-02-26,Saturday,260161,190557,450718
2022-02-27,Sunday/Holiday,197978,139377,337355
2022-02-28,Weekday,437269,272433,709702
2022-03-01,Weekday,471547,297951,769498
2022-03-02,Weekday,461679,304639,766318
2022-03-03,Weekday,450905,301344,752249
2022-03-04,Weekday,437164,288975,726139
2022-03-05,Saturday,291281,221714,512995
2022-03-06,Sunday/Holiday,194300,141976,336276
2022-03-07,Weekday,399383,261592,660975
2022-03-08,Weekday,464441,303631,768072
2022-03-09,Weekday,466984,310336,777320
2022-03-10,Weekday,444721,310435,755156
2022-03-11,Weekday,422764,294476,717240
2022-03-12,Saturday,247872,287526,535398
2022-03-13,Sunday/Holiday,200879,168821,369700
2022-03-14,Weekday,448558,294168,742726
2022-03-15,Weekday,463215,322609,785824
2022-03-16,Weekday,479823,333597,813420
2022-03-17,Weekday,463068,336933,800001
2022-03-18,Weekday,404540,292739,697279
2022-03-19,Saturday,250839,203842,454681
2022-03-20,Sunday/Holiday,220280,183597,403877
2022-03-21,Weekday,459452,286077,745529
2022-03-22,Weekday,432916,290803,723719
2022-03-23,Weekday,411053,285528,696581
2022-03-24,Weekday,452116,279960,732076
2022-03-25,Weekday,431829,290569,722398
2022-03-26,Saturday,242199,191025,433224
2022-03-27,Sunday/Holiday,193217,147865,341082
2022-03-28,Weekday,443113,283316,726429
2022-03-29,Weekday,459127,310432,769559
2022-03-30,Weekday,425844,299471,725315
2022-03-31,Weekday,446918,313624,760542
2022-04-01,Weekday,484903,314610,799513
2022-04-02,Saturday,264044,194383,458427
2022-04-03,Sunday/Holiday,218901,153875,372776
2022-04-04,Weekday,457452,291019,748471
2022-04-05,Weekday,482775,326164,808939
2022-04-06,Weekday,470573,327753,798326
2022-04-07,Weekday,468788,346853,815641
2022-04-08,Weekday,398017,301320,699337
2022-04-09,Saturday,283129,232566,515695
2022-04-10,Sunday/Holiday,221977,184272,406249
2022-04-11,Weekday,388543,276040,664583
2022-04-12,Weekday,426444,323042,749486
2022-04-13,Weekday,375870,290641,666511
2022-04-14,Weekday,408379,316347,724726
2022-04-15,Weekday,367610,276605,644215
2022-04-16,Saturday,274093,216395,490488
2022-04-17,Sunday/Holiday,183837,139738,323575
2022-04-18,Weekday,416359,279342,695701
2022-04-19,Weekday,461501,324667,786168
2022-04-20,Weekday,453943,322677,776620
2022-04-21,Weekday,455139,339779,794918
2022-04-22,Weekday,414144,295319,709463
2022-04-23,Saturday,312128,278763,590891
2022-04-24,Sunday/Holiday,192744,162462,355206
2022-04-25,Weekday,454532,293934,748466
2022-04-26,Weekday,476474,323321,799795
2022-04-27,Weekday,473316,325530,798846
2022-04-28,Weekday,461751,329024,790775
2022-04-29,Weekday,472802,324138,796940
2022-04-30,Saturday,260440,208693,469133
2022-05-01,Sunday/Holiday,209565,167306,376871
2022-05-02,Weekday,456676,288292,744968
2022-05-03,Weekday,427088,304189,731277
2022-05-04,Weekday,500429,344233,844662
2022-05-05,Weekday,464544,329241,793785
2022-05-06,Weekday,429700,298387,728087
2022-05-07,Saturday,308573,262869,571442
2022-05-08,Sunday/Holiday,204641,167467,372108
2022-05-09,Weekday,456324,296458,752782
2022-05-10,Weekday,487603,334899,822502
2022-05-11,Weekday,481802,332548,814350
2022-05-12,Weekday,475308,345676,820984
2022-05-13,Weekday,470223,332657,802880
2022-05-14,Saturday,303044,249361,552405
2022-05-15,Sunday/Holiday,210931,171982,382913
2022-05-16,Weekday,460986,304494,765480
2022-05-17,Weekday,479630,337079,816709
2022-05-18,Weekday,452731,322841,775572
2022-05-19,Weekday,486489,351429,837918
2022-05-20,Weekday,458078,321127,779205
2022-05-21,Saturday,258763,218972,477735
2022-05-22,Sunday/Holiday,221756,193002,414758
2022-05-23,Weekday,456515,297901,754416
2022-05-24,Weekday,484351,336010,820361
2022-05-25,Weekday,461780,319883,781663
2022-05-26,Weekday,467853,332069,799922
2022-05-27,Weekday,435553,299737,735290
2022-05-28,Saturday,299533,280228,579761
2022-05-29,Sunday/Holiday,239199,246793,485992
2022-05-30,Sunday/Holiday,235865,210421,446286
2022-05-31,Weekday,468550,326376,794926
2022-06-01,Weekday,496766,346924,843690
2022-06-02,Weekday,492400,355544,847944
2022-06-03,Weekday,494862,353934,848796
2022-06-04,Saturday,298993,261915,560908
2022-06-05,Sunday/Holiday,230730,216530,447260
2022-06-06,Weekday,437910,291922,729832
2022-06-07,Weekday,492774,348945,841719
2022-06-08,Weekday,454093,328980,783073
2022-06-09,Weekday,488146,359630,847776
2022-06-10,Weekday,450488,327910,778398
2022-06-11,Saturday,311911,264509,576420
2022-06-12,Sunday/Holiday,224348,193587,417935
2022-06-13,Weekday,433682,306621,740303
2022-06-14,Weekday,467146,345831,812977
2022-06-15,Weekday,435538,338852,774390
2022-06-16,Weekday,441821,351622,793443
2022-06-17,Weekday,438575,356445,795020
2022-06-18,Saturday,316980,307051,624031
2022-06-19,Sunday/Holiday,227181,226033,453214
2022-06-20,Weekday,365955,257700,623655
2022-06-21,Weekday,427588,321100,748688
2022-06-22,Weekday,444712,335641,780353
2022-06-23,Weekday,442860,345391,788251
2022-06-24,Weekday,429666,353308,782974
2022-06-25,Saturday,276951,259318,536269
2022-06-26,Sunday/Holiday,228786,301320,530106
2022-06-27,Weekday,416606,298347,714953
2022-06-28,Weekday,445097,348827,793924
2022-06-29,Weekday,448310,350300,798610
2022-06-30,Weekday,434307,354302,788609
2022-07-01,Weekday,427111,319073,746184
2022-07-02,Saturday,314971,271980,586951
2022-07-03,Sunday/Holiday,234889,221003,455892
2022-07-04,Sunday/Holiday,201272,158486,359758
2022-07-05,Weekday,400714,283797,684511
2022-07-06,Weekday,438241,315347,753588
2022-07-07,Weekday,444168,331132,775300
2022-07-08,Weekday,414527,323371,737898
2022-07-09,Saturday,314661,288100,602761
2022-07-10,Sunday/Holiday,228764,208566,437330
2022-07-11,Weekday,411177,289480,700657
2022-07-12,Weekday,460573,351612,812185
2022-07-13,Weekday,462243,357923,820166
2022-07-14,Weekday,459272,364927,824199
2022-07-15,Weekday,385035,307877,692912
2022-07-16,Saturday,306271,295499,601770
2022-07-17,Sunday/Holiday,212995,208264,421259
2022-07-18,Weekday,432780,299248,732028
2022-07-19,Weekday,453338,335621,788959
2022-07-20,Weekday,455439,338205,793644
2022-07-21,Weekday,445763,342598,788361
2022-07-22,Weekday,426586,323821,750407
2022-07-23,Saturday,275396,265291,540687
2022-07-24,Sunday/Holiday,209703,202481,412184
2022-07-25,Weekday,423680,314719,738399
2022-07-26,Weekday,460649,352662,813311
2022-07-27,Weekday,446320,340006,786326
2022-07-28,Weekday,448728,380517,829245
2022-07-29,Weekday,430804,378849,809653
2022-07-30,Saturday,304052,327388,631440
2022-07-31,Sunday/Holiday,224307,252781,477088
2022-08-01,Weekday,433904,304820,738724
2022-08-02,Weekday,451890,335737,787627
2022-08-03,Weekday,430236,321771,752007
2022-08-04,Weekday,449161,341966,791127
2022-08-05,Weekday,445484,357462,802946
2022-08-06,Saturday,302707,280369,583076
2022-08-07,Sunday/Holiday,202042,193344,395386
2022-08-08,Weekday,381427,286194,667621
2022-08-09,Weekday,454272,352582,806854
2022-08-10,Weekday,455381,346182,801563
2022-08-11,Weekday,444736,337937,782673
2022-08-12,Weekday,430652,320260,750912
2022-08-13,Saturday,295364,253835,549199
2022-08-14,Sunday/Holiday,214683,189154,403837
2022-08-15,Weekday,422612,312773,735385
2022-08-16,Weekday,445900,335456,781356
2022-08-17,Weekday,451427,335610,787037
2022-08-18,Weekday,447149,343155,790304
2022-08-19,Weekday,446821,359501,806322
2022-08-20,Saturday,276088,263681,539769
2022-08-21,Sunday/Holiday,235253,221628,456881
2022-08-22,Weekday,484550,322408,806958
2022-08-23,Weekday,510024,370191,880215
2022-08-24,Weekday,509522,369646,879168
2022-08-25,Weekday,491181,367289,858470
2022-08-26,Weekday,495636,347989,843625
2022-08-27,Saturday,313588,249105,562693
2022-08-28,Sunday/Holiday,219848,188705,408553
2022-08-29,Weekday,453804,307410,761214
2022-08-30,Weekday,524895,366870,891765
2022-08-31,Weekday,521586,366459,888045
2022-09-01,Weekday,526641,371181,897822
2022-09-02,Weekday,507102,361289,868391
2022-09-03,Saturday,329125,291196,620321
2022-09-04,Sunday/Holiday,229381,227410,456791
2022-09-05,Sunday/Holiday,236613,180944,417557
2022-09-06,Weekday,523472,365689,889161
2022-09-07,Weekday,534473,388259,922732
2022-09-08,Weekday,529691,391210,920901
2022-09-09,Weekday,506174,373012,879186
2022-09-10,Saturday,328476,293144,621620
2022-09-11,Sunday/Holiday,180862,175036,355898
2022-09-12,Weekday,480954,342767,823721
2022-09-13,Weekday,527850,390462,918312
2022-09-14,Weekday,531662,395177,926839
2022-09-15,Weekday,526216,409158,935374
2022-09-16,Weekday,508567,431965,940532
2022-09-17,Saturday,333893,324035,657928
2022-09-18,Sunday/Holiday,237991,241024,479015
2022-09-19,Weekday,495344,350160,845504
2022-09-20,Weekday,522109,387279,909388
2022-09-21,Weekday,537697,392818,930515
2022-09-22,Weekday,530009,398846,928855
2022-09-23,Weekday,458882,354789,813671
2022-09-24,Saturday,320145,265000,585145
2022-09-25,Sunday/Holiday,229013,196621,425634
2022-09-26,Weekday,497354,338256,835610
2022-09-27,Weekday,527776,392549,920325
2022-09-28,Weekday,530749,399004,929753
2022-09-29,Weekday,521049,399396,920445
2022-09-30,Weekday,517079,372584,889663
2022-10-01,Saturday,331991,278557,610548
2022-10-02,Sunday/Holiday,230938,198343,429281
2022-10-03,Weekday,522157,347552,869709
2022-10-04,Weekday,539617,387120,926737
2022-10-05,Weekday,535091,386695,921786
2022-10-06,Weekday,528937,407379,936316
2022-10-07,Weekday,497726,385824,883550
2022-10-08,Saturday,327134,300298,627432
2022-10-09,Sunday/Holiday,207502,351798,559300
2022-10-10,Weekday,413126,332397,745523
2022-10-11,Weekday,516976,397158,914134
2022-10-12,Weekday,497854,384939,882793
2022-10-13,Weekday,533103,420167,953270
2022-10-14,Weekday,501494,372144,873638
2022-10-15,Saturday,325294,272080,597374
2022-10-16,Sunday/Holiday,227365,191906,419271
2022-10-17,Weekday,470688,332889,803577
2022-10-18,Weekday,499407,372296,871703
2022-10-19,Weekday,525153,378834,903987
2022-10-20,Weekday,507374,383470,890844
2022-10-21,Weekday,462718,343986,806704
2022-10-22,Saturday,328599,254638,583237
2022-10-23,Sunday/Holiday,239284,189552,428836
2022-10-24,Weekday,499098,342781,841879
2022-10-25,Weekday,478171,370030,848201
2022-10-26,Weekday,539425,393904,933329
2022-10-27,Weekday,528826,395129,923955
2022-10-28,Weekday,501985,352842,854827
2022-10-29,Saturday,311437,254149,565586
2022-10-30,Sunday/Holiday,217204,177961,395165
2022-10-31,Weekday,454862,318942,773804
2022-11-01,Weekday,535639,378179,913818
2022-11-02,Weekday,532834,379413,912247
2022-11-03,Weekday,540308,389939,930247
2022-11-04,Weekday,489779,345651,835430
2022-11-05,Saturday,271210,239302,510512
2022-11-06,Sunday/Holiday,237292,195418,432710
2022-11-07,Weekday,502205,345095,847300
2022-11-08,Weekday,445547,343165,788712
2022-11-09,Weekday,524300,382075,906375
2022-11-10,Weekday,534931,396488,931419
2022-11-11,Weekday,458476,329637,788113
2022-11-12,Saturday,283958,233513,517471
2022-11-13,Sunday/Holiday,216386,184686,401072
2022-11-14,Weekday,479311,330831,810142
2022-11-15,Weekday,482772,363154,845926
2022-11-16,Weekday,501388,367015,868403
2022-11-17,Weekday,489196,368122,857318
2022-11-18,Weekday,437859,348326,786185
2022-11-19,Saturday,253918,231052,484970
2022-11-20,Sunday/Holiday,204456,163384,367840
2022-11-21,Weekday,423423,299744,723167
2022-11-22,Weekday,435161,314006,749167
2022-11-23,Weekday,398091,275787,673878
2022-11-24,Sunday/Holiday,160200,111986,272186
2022-11-25,Weekday,305747,216040,521787
2022-11-26,Saturday,283619,206385,490004
2022-11-27,Sunday/Holiday,190990,145822,336812
2022-11-28,Weekday,472849,306743,779592
2022-11-29,Weekday,492390,346172,838562
2022-11-30,Weekday,471180,342095,813275
2022-12-01,Weekday,494028,351763,845791
2022-12-02,Weekday,490109,327826,817935
2022-12-03,Saturday,302524,235937,538461
2022-12-04,Sunday/Holiday,219158,175364,394522
2022-12-05,Weekday,473036,301290,774326
2022-12-06,Weekday,491402,343974,835376
2022-12-07,Weekday,501570,348450,850020
2022-12-08,Weekday,491122,354293,845415
2022-12-09,Weekday,434379,310116,744495
2022-12-10,Saturday,301199,250406,551605
2022-12-11,Sunday/Holiday,217920,181270,399190
2022-12-12,Weekday,461205,309804,771009
2022-12-13,Weekday,488778,350345,839123
2022-12-14,Weekday,460656,334180,794836
2022-12-15,Weekday,479951,357938,837889
2022-12-16,Weekday,438828,317559,756387
2022-12-17,Saturday,273704,221530,495234
2022-12-18,Sunday/Holiday,205652,168395,374047
2022-12-19,Weekday,422466,271588,694054
2022-12-20,Weekday,458350,301658,760008
2022-12-21,Weekday,449539,293415,742954
2022-12-22,Weekday,334740,211520,546260
2022-12-23,Weekday,154576,107314,261890
2022-12-24,Saturday,150459,94387,244846
2022-12-25,Sunday/Holiday,85188,55366,140554
2022-12-26,Sunday/Holiday,205368,123005,328373
2022-12-27,Weekday,315154,202638,517792
2022-12-28,Weekday,321472,212073,533545
2022-12-29,Weekday,347158,231287,578445
2022-12-30,Weekday,364899,243067,607966
2022-12-31,Saturday,257498,181031,438529
2023-01-01,Sunday/Holiday,164489,140776,305265
2023-01-02,Sunday/Holiday,254124,165797,419921
2023-01-03,Weekday,383247,275846,659093
2023-01-04,Weekday,398456,292474,690930
2023-01-05,Weekday,384238,292708,676946
2023-01-06,Weekday,371923,258636,630559
2023-01-07,Saturday,272633,183930,456563
2023-01-08,Sunday/Holiday,209397,145377,354774
2023-01-09,Weekday,449465,296803,746268
2023-01-10,Weekday,499769,345615,845384
2023-01-11,Weekday,499126,343468,842594
2023-01-12,Weekday,474679,340171,814850
2023-01-13,Weekday,443233,292169,735402
2023-01-14,Saturday,288502,201672,490174
2023-01-15,Sunday/Holiday,220389,154138,374527
2023-01-16,Weekday,295880,196321,492201
2023-01-17,Weekday,496926,344762,841688
2023-01-18,Weekday,495410,346875,842285
2023-01-19,Weekday,479283,347238,826521
2023-01-20,Weekday,457848,296350,754198
2023-01-21,Saturday,285487,196802,482289
2023-01-22,Sunday/Holiday,201809,140538,342347
2023-01-23,Weekday,468304,307836,776140
2023-01-24,Weekday,505791,355136,860927
2023-01-25,Weekday,462648,337076,799724
2023-01-26,Weekday,484428,350067,834495
2023-01-27,Weekday,435531,290048,725579
2023-01-28,Saturday,270454,190883,461337
2023-01-29,Sunday/Holiday,199420,144673,344093
2023-01-30,Weekday,420711,284230,704941
2023-01-31,Weekday,428116,311121,739237
2023-02-01,Weekday,488390,332706,821096
2023-02-02,Weekday,488230,339244,827474
2023-02-03,Weekday,367206,247871,615077
2023-02-04,Saturday,295858,188543,484401
2023-02-05,Sunday/Holiday,228506,147681,376187
2023-02-06,Weekday,489061,304675,793736
2023-02-07,Weekday,512128,348998,861126
2023-02-08,Weekday,517223,348441,865664
2023-02-09,Weekday,456891,326676,783567
2023-02-10,Weekday,480757,289003,769760
2023-02-11,Saturday,305427,182401,487828
2023-02-12,Sunday/Holiday,228971,139964,368935
2023-02-13,Weekday,477325,298814,776139
2023-02-14,Weekday,510605,355572,866177
2023-02-15,Weekday,498251,346762,845013
2023-02-16,Weekday,450939,324574,775513
2023-02-17,Weekday,447365,297527,744892
2023-02-18,Saturday,307618,213471,521089
2023-02-19,Sunday/Holiday,241433,167599,409032
2023-02-20,Weekday,371110,251523,622633
2023-02-21,Weekday,512268,349053,861321
2023-02-22,Weekday,445175,320183,765358
2023-02-23,Weekday,500377,349987,850364
2023-02-24,Weekday,468093,303528,771621
2023-02-25,Saturday,313877,199947,513824
2023-02-26,Sunday/Holiday,246373,152718,399091
2023-02-27,Weekday,438886,284156,723042
2023-02-28,Weekday,516342,350093,866435
2023-03-01,Weekday,538035,357399,895434
2023-03-02,Weekday,505862,352552,858414
2023-03-03,Weekday,441984,285055,727039
2023-03-04,Saturday,332481,209545,542026
2023-03-05,Sunday/Holiday,246208,156086,402294
2023-03-06,Weekday,470524,303195,773719
2023-03-07,Weekday,528413,362941,891354
2023-03-08,Weekday,521850,359517,881367
2023-03-09,Weekday,498577,352220,850797
2023-03-10,Weekday,466305,312533,778838
2023-03-11,Saturday,326961,340919,667880
2023-03-12,Sunday/Holiday,215765,159274,375039
2023-03-13,Weekday,459265,307389,766654
2023-03-14,Weekday,524325,366497,890822
2023-03-15,Weekday,535449,367880,903329
2023-03-16,Weekday,499382,360728,860110
2023-03-17,Weekday,435055,319561,754616
2023-03-18,Saturday,284653,199267,483920
2023-03-19,Sunday/Holiday,238907,157695,396602
2023-03-20,Weekday,478059,300593,778652
2023-03-21,Weekday,510959,347098,858057
2023-03-22,Weekday,499380,340260,839640
2023-03-23,Weekday,489519,342562,832081
2023-03-24,Weekday,475520,306297,781817
2023-03-25,Saturday,287548,202198,489746
2023-03-26,Sunday/Holiday,222855,179536,402391
2023-03-27,Weekday,493436,320115,813551
2023-03-28,Weekday,521594,365749,887343
2023-03-29,Weekday,470430,353192,823622
2023-03-30,Weekday,517477,388264,905741
2023-03-31,Weekday,467904,309609,777513
2023-04-01,Saturday,315267,235235,550502
2023-04-02,Sunday/Holiday,261251,191192,452443
2023-04-03,Weekday,439537,304009,743546
2023-04-04,Weekday,428000,325448,753448
2023-04-05,Weekday,438936,335701,774637
2023-04-06,Weekday,459977,353018,812995
2023-04-07,Weekday,419926,312653,732579
2023-04-08,Saturday,333736,244038,577774
2023-04-09,Sunday/Holiday,237320,168475,405795
2023-04-10,Weekday,492576,324608,817184
2023-04-11,Weekday,539533,388288,927821
2023-04-12,Weekday,516841,388965,905806
2023-04-13,Weekday,541076,386440,927516
2023-04-14,Weekday,518497,353807,872304
2023-04-15,Saturday,360082,254964,615046
2023-04-16,Sunday/Holiday,229968,157603,387571
2023-04-17,Weekday,458530,310077,768607
2023-04-18,Weekday,523866,378471,902337
2023-04-19,Weekday,527267,380103,907370
2023-04-20,Weekday,516298,393967,910265
2023-04-21,Weekday,505681,360742,866423
2023-04-22,Saturday,329493,240134,569627
2023-04-23,Sunday/Holiday,245927,174185,420112
2023-04-24,Weekday,502642,328298,830940
2023-04-25,Weekday,516696,378228,894924
2023-04-26,Weekday,539161,388688,927849
2023-04-27,Weekday,532971,395661,928632
2023-04-28,Weekday,503332,340242,843574
2023-04-29,Saturday,331120,224434,555554
2023-04-30,Sunday/Holiday,238929,165311,404240
2023-05-01,Weekday,482348,315630,797978
2023-05-02,Weekday,530573,372211,902784
2023-05-03,Weekday,555155,381538,936693
2023-05-04,Weekday,542958,391265,934223
2023-05-05,Weekday,518792,367635,886427
2023-05-06,Saturday,354490,259476,613966
2023-05-07,Sunday/Holiday,281403,198280,479683
2023-05-08,Weekday,469174,325860,795034
2023-05-09,Weekday,548033,396388,944421
2023-05-10,Weekday,544618,397870,942488
2023-05-11,Weekday,533940,384804,918744
2023-05-12,Weekday,481927,328362,810289
2023-05-13,Saturday,344247,221075,565322
2023-05-14,Sunday/Holiday,233363,156364,389727
2023-05-15,Weekday,486638,320403,807041
2023-05-16,Weekday,533948,384145,918093
2023-05-17,Weekday,527429,382604,910033
2023-05-18,Weekday,525435,390005,915440
2023-05-19,Weekday,486435,337006,823441
2023-05-20,Saturday,354750,241214,595964
2023-05-21,Sunday/Holiday,273007,193053,466060
2023-05-22,Weekday,499608,333292,832900
2023-05-23,Weekday,537810,406630,944440
2023-05-24,Weekday,535858,401039,936897
2023-05-25,Weekday,528009,395099,923108
2023-05-26,Weekday,497832,356184,854016
2023-05-27,Saturday,340968,290957,631925
2023-05-28,Sunday/Holiday,273385,247157,520542
2023-05-29,Sunday/Holiday,269683,209702,479385
2023-05-30,Weekday,517974,382375,900349
2023-05-31,Weekday,517111,389469,906580
2023-06-01,Weekday,544178,393187,937365
2023-06-02,Weekday,514354,386122,900476
2023-06-03,Saturday,371914,300646,672560
2023-06-04,Sunday/Holiday,278304,238509,516813
2023-06-05,Weekday,511045,350028,861073
2023-06-06,Weekday,522067,389250,911317
2023-06-07,Weekday,535180,390851,926031
2023-06-08,Weekday,493065,387473,880538
2023-06-09,Weekday,476837,381247,858084
2023-06-10,Saturday,379556,320326,699882
2023-06-11,Sunday/Holiday,239715,193563,433278
2023-06-12,Weekday,457944,327050,784994
2023-06-13,Weekday,450859,375000,825859
2023-06-14,Weekday,493401,392696,886097
2023-06-15,Weekday,482965,398441,881406
2023-06-16,Weekday,453530,361553,815083
2023-06-17,Saturday,372865,295909,668774
2023-06-18,Sunday/Holiday,272736,221073,493809
2023-06-19,Weekday,384578,261569,646147
2023-06-20,Weekday,488457,375171,863628
2023-06-21,Weekday,495689,401487,897176
2023-06-22,Weekday,486237,402155,888392
2023-06-23,Weekday,469905,383443,853348
2023-06-24,Saturday,369643,298557,668200
2023-06-25,Sunday/Holiday,258229,295714,553943
2023-06-26,Weekday,445453,323554,769007
2023-06-27,Weekday,496729,395754,892483
2023-06-28,Weekday,496731,392034,888765
2023-06-29,Weekday,470303,393963,864266
2023-06-30,Weekday,473836,378120,851956
2023-07-01,Saturday,335143,311337,646480
2023-07-02,Sunday/Holiday,170177,192380,362557
2023-07-03,Weekday,444738,293378,738116
2023-07-04,Sunday/Holiday,281675,195858,477533
2023-07-05,Weekday,448241,324432,772673
2023-07-06,Weekday,495284,375201,870485
2023-07-07,Weekday,479367,347499,826866
2023-07-08,Saturday,352631,259570,612201
2023-07-09,Sunday/Holiday,281445,205204,486649
2023-07-10,Weekday,485647,330776,816423
2023-07-11,Weekday,483040,372976,856016
2023-07-12,Weekday,443121,354104,797225
2023-07-13,Weekday,505564,394862,900426
2023-07-14,Weekday,476443,373807,850250
2023-07-15,Saturday,359874,287408,647282
2023-07-16,Sunday/Holiday,281420,234238,515658
2023-07-17,Weekday,480822,349113,829935
2023-07-18,Weekday,512122,398713,910835
2023-07-19,Weekday,515105,402686,917791
2023-07-20,Weekday,502681,414002,916683
2023-07-21,Weekday,485225,389288,874513
2023-07-22,Saturday,360932,312905,673837
2023-07-23,Sunday/Holiday,288305,247161,535466
2023-07-24,Weekday,474506,338496,813002
2023-07-25,Weekday,508517,383391,891908
2023-07-26,Weekday,478350,371278,849628
2023-07-27,Weekday,502581,385163,887744
2023-07-28,Weekday,446842,334517,781359
2023-07-29,Saturday,364824,286441,651265
2023-07-30,Sunday/Holiday,285496,219936,505432
2023-07-31,Weekday,469024,334195,803219
2023-08-01,Weekday,528437,389535,917972
2023-08-02,Weekday,519583,423358,942941
2023-08-03,Weekday,521191,480968,1002159
2023-08-04,Weekday,493321,456039,949360
2023-08-05,Saturday,338701,346075,684776
2023-08-06,Sunday/Holiday,264872,298188,563060
2023-08-07,Weekday,467465,346627,814092
2023-08-08,Weekday,508824,388916,897740
2023-08-09,Weekday,501770,394563,896333
2023-08-10,Weekday,506343,383545,889888
2023-08-11,Weekday,472150,370307,842457
2023-08-12,Saturday,370464,315090,685554
2023-08-13,Sunday/Holiday,279218,225085,504303
2023-08-14,Weekday,408865,290559,699424
2023-08-15,Weekday,500013,382517,882530
2023-08-16,Weekday,518485,390193,908678
2023-08-17,Weekday,484256,366327,850583
2023-08-18,Weekday,490626,366654,857280
2023-08-19,Saturday,381458,303336,684794
2023-08-20,Sunday/Holiday,296344,239159,535503
2023-08-21,Weekday,551302,343866,895168
2023-08-22,Weekday,564653,390141,954794
2023-08-23,Weekday,531763,365111,896874
2023-08-24,Weekday,501750,365055,866805
2023-08-25,Weekday,553276,375055,928331
2023-08-26,Saturday,361538,273589,635127
2023-08-27,Sunday/Holiday,289983,218533,508516
2023-08-28,Weekday,567171,371199,938370
2023-08-29,Weekday,585643,418817,1004460
2023-08-30,Weekday,589901,420080,1009981
2023-08-31,Weekday,579376,413083,992459
2023-09-01,Weekday,585674,386812,972486
2023-09-02,Saturday,384728,291029,675757
2023-09-03,Sunday/Holiday,309758,248524,558282
2023-09-04,Sunday/Holiday,293106,220411,513517
2023-09-05,Weekday,586167,409043,995210
2023-09-06,Weekday,578259,425429,1003688
2023-09-07,Weekday,597711,442432,1040143
2023-09-08,Weekday,555213,397332,952545
2023-09-09,Saturday,385592,323033,708625
2023-09-10,Sunday/Holiday,297306,247808,545114
2023-09-11,Weekday,504742,356445,861187
2023-09-12,Weekday,603242,432403,1035645
2023-09-13,Weekday,593103,431950,1025053
2023-09-14,Weekday,587439,437320,1024759
2023-09-15,Weekday,566708,432176,998884
2023-09-16,Saturday,352049,340865,692914
2023-09-17,Sunday/Holiday,252015,219746,471761
2023-09-18,Weekday,560810,382031,942841
2023-09-19,Weekday,555949,432367,988316
2023-09-20,Weekday,599268,447165,1046433
2023-09-21,Weekday,581536,449600,1031136
2023-09-22,Weekday,525718,400937,926655
2023-09-23,Saturday,381816,312772,694588
2023-09-24,Sunday/Holiday,290336,234578,524914
2023-09-25,Weekday,552311,370891,923202
2023-09-26,Weekday,565172,416619,981791
2023-09-27,Weekday,583749,427267,1011016
2023-09-28,Weekday,597723,437574,1035297
2023-09-29,Weekday,578054,401168,979222
2023-09-30,Saturday,391173,301206,692379
2023-10-01,Sunday/Holiday,303953,229368,533321
2023-10-02,Weekday,576630,378334,954964
2023-10-03,Weekday,619488,434467,1053955
2023-10-04,Weekday,610623,445787,1056410
2023-10-05,Weekday,584937,447707,1032644
2023-10-06,Weekday,559485,428321,987806
2023-10-07,Saturday,386990,334134,721124
2023-10-08,Sunday/Holiday,253021,403385,656406
2023-10-09,Weekday,452540,366694,819234
2023-10-10,Weekday,601129,443465,1044594
2023-10-11,Weekday,598019,442594,1040613
2023-10-12,Weekday,567954,433731,1001685
2023-10-13,Weekday,519462,373986,893448
2023-10-14,Saturday,338320,266624,604944
2023-10-15,Sunday/Holiday,293753,222768,516521
2023-10-16,Weekday,551971,374520,926491
2023-10-17,Weekday,587256,440241,1027497
2023-10-18,Weekday,595182,439266,1034448
2023-10-19,Weekday,579587,433975,1013562
2023-10-20,Weekday,562941,395292,958233
2023-10-21,Saturday,364186,309900,674086
2023-10-22,Sunday/Holiday,288942,219804,508746
2023-10-23,Weekday,555068,379650,934718
2023-10-24,Weekday,598773,434867,1033640
2023-10-25,Weekday,570560,426962,997522
2023-10-26,Weekday,535013,412606,947619
2023-10-27,Weekday,503840,373004,876844
2023-10-28,Saturday,360484,275006,635490
2023-10-29,Sunday/Holiday,250473,185823,436296
2023-10-30,Weekday,551840,367453,919293
2023-10-31,Weekday,520069,390110,910179
2023-11-01,Weekday,576336,410084,986420
2023-11-02,Weekday,579094,419780,998874
2023-11-03,Weekday,563943,373412,937355
2023-11-04,Saturday,401704,280222,681926
2023-11-05,Sunday/Holiday,296526,200577,497103
2023-11-06,Weekday,568672,375471,944143
2023-11-07,Weekday,588549,424318,1012867
2023-11-08,Weekday,578329,422082,1000411
2023-11-09,Weekday,588110,454074,1042184
2023-11-10,Weekday,461731,351382,813113
2023-11-11,Saturday,354671,266284,620955
2023-11-12,Sunday/Holiday,294251,195035,489286
2023-11-13,Weekday,558320,370511,928831
2023-11-14,Weekday,581009,424128,1005137
2023-11-15,Weekday,587609,422609,1010218
2023-11-16,Weekday,580758,415406,996164
2023-11-17,Weekday,544624,418827,963451
2023-11-18,Saturday,348044,315864,663908
2023-11-19,Sunday/Holiday,278346,201431,479777
2023-11-20,Weekday,472022,334103,806125
2023-11-21,Weekday,465329,339605,804934
2023-11-22,Weekday,443954,298121,742075
2023-11-23,Sunday/Holiday,187931,128326,316257
2023-11-24,Weekday,323157,227199,550356
2023-11-25,Saturday,310164,213175,523339
2023-11-26,Sunday/Holiday,219912,160320,380232
2023-11-27,Weekday,505729,325992,831721
2023-11-28,Weekday,522935,368618,891553
2023-11-29,Weekday,553418,387126,940544
2023-11-30,Weekday,559855,396342,956197
2023-12-01,Weekday,513523,339748,853271
2023-12-02,Saturday,358919,260456,619375
2023-12-03,Sunday/Holiday,268845,172945,441790
2023-12-04,Weekday,537917,337666,875583
2023-12-05,Weekday,556584,384481,941065
2023-12-06,Weekday,572732,389802,962534
2023-12-07,Weekday,580504,404303,984807
2023-12-08,Weekday,561665,372605,934270
2023-12-09,Saturday,369433,283097,652530
2023-12-10,Sunday/Holiday,264202,196318,460520
2023-12-11,Weekday,517482,326238,843720
2023-12-12,Weekday,556451,378617,935068
2023-12-13,Weekday,559461,378896,938357
2023-12-14,Weekday,558905,384778,943683
2023-12-15,Weekday,535654,351722,887376
2023-12-16,Saturday,321951,230799,552750
2023-12-17,Sunday/Holiday,271335,184885,456220
2023-12-18,Weekday,498940,306545,805485
2023-12-19,Weekday,527927,342290,870217
2023-12-20,Weekday,540890,343581,884471
2023-12-21,Weekday,519383,325377,844760
2023-12-22,Weekday,418720,267301,686021
2023-12-23,Saturday,341975,206358,548333
2023-12-24,Sunday/Holiday,247277,141693,388970
2023-12-25,Sunday/Holiday,145433,80206,225639
2023-12-26,Weekday,360458,208665,569123
2023-12-27,Weekday,403147,252136,655283
2023-12-28,Weekday,392855,253397,646252
2023-12-29,Weekday,415822,261610,677432
2023-12-30,Saturday,340207,212901,553108
2023-12-31,Sunday/Holiday,250204,187144,437348
2024-01-01,Sunday/Holiday,205964,152767,358731
2024-01-02,Weekday,417384,278216,695600
2024-01-03,Weekday,451613,307037,758650
2024-01-04,Weekday,460277,317437,777714
2024-01-05,Weekday,445488,280897,726385
2024-01-06,Saturday,308872,196983,505855
2024-01-07,Sunday/Holiday,249187,152158,401345
2024-01-08,Weekday,517198,326817,844015
2024-01-09,Weekday,478685,330005,808690
2024-01-10,Weekday,548560,369768,918328
2024-01-11,Weekday,552911,377922,930833
2024-01-12,Weekday,368347,239249,607596
2024-01-13,Saturday,286037,183824,469861
2024-01-14,Sunday/Holiday,146724,93057,239781
2024-01-15,Weekday,206791,127069,333860
2024-01-16,Weekday,280514,185903,466417
2024-01-17,Weekday,466850,322741,789591
2024-01-18,Weekday,521058,362414,883472
2024-01-19,Weekday,462986,293650,756636
2024-01-20,Saturday,301556,191705,493261
2024-01-21,Sunday/Holiday,227288,147028,374316
2024-01-22,Weekday,518106,336751,854857
2024-01-23,Weekday,521585,369664,891249
2024-01-24,Weekday,549204,389714,938918
2024-01-25,Weekday,554313,390971,945284
2024-01-26,Weekday,534739,329826,864565
2024-01-27,Saturday,349068,222033,571101
2024-01-28,Sunday/Holiday,255458,158081,413539
2024-01-29,Weekday,545769,340556,886325
2024-01-30,Weekday,571297,388718,960015
2024-01-31,Weekday,579236,389322,968558
2024-02-01,Weekday,601932,393012,994944
2024-02-02,Weekday,558905,329307,888212
2024-02-03,Saturday,372165,230410,602575
2024-02-04,Sunday/Holiday,274654,168339,442993
2024-02-05,Weekday,558625,339256,897881
2024-02-06,Weekday,595983,390513,986496
2024-02-07,Weekday,595233,389227,984460
2024-02-08,Weekday,584729,391355,976084
2024-02-09,Weekday,515769,333453,849222
2024-02-10,Saturday,373420,231891,605311
2024-02-11,Sunday/Holiday,277432,165836,443268
2024-02-12,Weekday,534181,325070,859251
2024-02-13,Weekday,598961,395880,994841
2024-02-14,Weekday,595347,397294,992641
2024-02-15,Weekday,568392,387472,955864
2024-02-16,Weekday,533701,325332,859033
2024-02-17,Saturday,340993,224306,565299
2024-02-18,Sunday/Holiday,280002,189881,469883
2024-02-19,Weekday,417871,271357,689228
2024-02-20,Weekday,591252,389327,980579
2024-02-21,Weekday,600241,395915,996156
2024-02-22,Weekday,587867,396466,984333
2024-02-23,Weekday,551392,336416,887808
2024-02-24,Saturday,345189,225233,570422
2024-02-25,Sunday/Holiday,280214,175446,455660
2024-02-26,Weekday,560355,347691,908046
2024-02-27,Weekday,587359,392420,979779
2024-02-28,Weekday,549028,375242,924270
2024-02-29,Weekday,577283,386672,963955
2024-03-01,Weekday,569569,335736,905305
2024-03-02,Saturday,389713,252550,642263
2024-03-03,Sunday/Holiday,298601,184885,483486
2024-03-04,Weekday,556051,334107,890158
2024-03-05,Weekday,570139,383689,953828
2024-03-06,Weekday,595103,393574,988677
2024-03-07,Weekday,580398,390865,971263
2024-03-08,Weekday,488443,314783,803226
2024-03-09,Saturday,379680,245369,625049
2024-03-10,Sunday/Holiday,280181,178611,458792
2024-03-11,Weekday,567851,351801,919652
2024-03-12,Weekday,599389,411314,1010703
2024-03-13,Weekday,597287,416180,1013467
2024-03-14,Weekday,539322,393348,932670
2024-03-15,Weekday,566639,386514,953153
2024-03-16,Saturday,399006,499424,898430
2024-03-17,Sunday/Holiday,281004,206731,487735
2024-03-18,Weekday,535201,346463,881664
2024-03-19,Weekday,583292,396834,980126
2024-03-20,Weekday,584856,392077,976933
2024-03-21,Weekday,564484,383735,948219
2024-03-22,Weekday,491011,318712,809723
2024-03-23,Saturday,373194,249326,622520
2024-03-24,Sunday/Holiday,279349,206108,485457
2024-03-25,Weekday,474355,319635,793990
2024-03-26,Weekday,514563,359360,873923
2024-03-27,Weekday,515194,364672,879866
2024-03-28,Weekday,513043,374590,887633
2024-03-29,Weekday,480044,313507,793551
2024-03-30,Saturday,375490,244072,619562
2024-03-31,Sunday/Holiday,251600,158867,410467
2024-04-01,Weekday,478962,333881,812843
2024-04-02,Weekday,570490,393519,964009
2024-04-03,Weekday,572710,395413,968123
2024-04-04,Weekday,575373,401414,976787
2024-04-05,Weekday,576732,375602,952334
2024-04-06,Saturday,397658,286304,683962
2024-04-07,Sunday/Holiday,256839,185460,442299
2024-04-08,Weekday,560623,352426,913049
2024-04-09,Weekday,593688,400628,994316
2024-04-10,Weekday,604655,405524,1010179
2024-04-11,Weekday,557100,397195,954295
2024-04-12,Weekday,582983,365492,948475
2024-04-13,Saturday,412391,281343,693734
2024-04-14,Sunday/Holiday,327938,210780,538718
2024-04-15,Weekday,588349,369259,957608
2024-04-16,Weekday,599597,405400,1004997
2024-04-17,Weekday,600084,408474,1008558
2024-04-18,Weekday,606325,417750,1024075
2024-04-19,Weekday,591814,383321,975135
2024-04-20,Saturday,406861,279746,686607
2024-04-21,Sunday/Holiday,307107,203722,510829
2024-04-22,Weekday,576206,353190,929396
2024-04-23,Weekday,600004,410045,1010049
2024-04-24,Weekday,599179,416815,1015994
2024-04-25,Weekday,615343,428724,1044067
2024-04-26,Weekday,554146,355278,909424
2024-04-27,Saturday,419731,286199,705930
2024-04-28,Sunday/Holiday,293589,196481,490070
2024-04-29,Weekday,556233,349857,906090
2024-04-30,Weekday,632501,409097,1041598
2024-05-01,Weekday,644438,416920,1061358
2024-05-02,Weekday,600203,409105,1009308
2024-05-03,Weekday,608085,388593,996678
2024-05-04,Saturday,418067,299808,717875
2024-05-05,Sunday/Holiday,317248,226928,544176
2024-05-06,Weekday,597540,379559,977099
2024-05-07,Weekday,572181,412646,984827
2024-05-08,Weekday,624927,443868,1068795
2024-05-09,Weekday,569230,406557,975787
2024-05-10,Weekday,591810,378284,970094
2024-05-11,Saturday,416481,273276,689757
2024-05-12,Sunday/Holiday,318883,203067,521950
2024-05-13,Weekday,550608,349237,899845
2024-05-14,Weekday,598482,410254,1008736
2024-05-15,Weekday,615430,419635,1035065
2024-05-16,Weekday,601542,434466,1036008
2024-05-17,Weekday,595193,402254,997447
2024-05-18,Saturday,430341,315833,746174
2024-05-19,Sunday/Holiday,329129,250996,580125
2024-05-20,Weekday,561715,366053,927768
2024-05-21,Weekday,618559,443937,1062496
2024-05-22,Weekday,621123,450124,1071247
2024-05-23,Weekday,609570,457738,1067308
2024-05-24,Weekday,557209,368883,926092
2024-05-25,Saturday,420064,342285,762349
2024-05-26,Sunday/Holiday,279820,220267,500087
2024-05-27,Sunday/Holiday,306648,205186,511834
2024-05-28,Weekday,585174,396139,981313
2024-05-29,Weekday,612055,423439,1035494
2024-05-30,Weekday,604848,424200,1029048
2024-05-31,Weekday,590998,410904,1001902
2024-06-01,Saturday,359226,257545,616771
2024-06-02,Sunday/Holiday,347275,256837,604112
2024-06-03,Weekday,594326,377947,972273
2024-06-04,Weekday,602909,443126,1046035
2024-06-05,Weekday,602717,450039,1052756
2024-06-06,Weekday,606273,440625,1046898
2024-06-07,Weekday,538174,384835,923009
2024-06-08,Saturday,388074,295372,683446
2024-06-09,Sunday/Holiday,338317,265680,603997
2024-06-10,Weekday,521105,360674,881779
2024-06-11,Weekday,556731,415884,972615
2024-06-12,Weekday,576142,423834,999976
2024-06-13,Weekday,541343,414773,956116
2024-06-14,Weekday,536639,412548,949187
2024-06-15,Saturday,421892,329557,751449
2024-06-16,Sunday/Holiday,314305,239123,553428
2024-06-17,Weekday,500089,363300,863389
2024-06-18,Weekday,551782,426829,978611
2024-06-19,Weekday,482860,349203,832063
2024-06-20,Weekday,548449,411020,959469
2024-06-21,Weekday,539303,406032,945335
2024-06-22,Saturday,430009,334791,764800
2024-06-23,Sunday/Holiday,333514,259057,592571
2024-06-24,Weekday,535003,366575,901578
2024-06-25,Weekday,537591,390929,928520
2024-06-26,Weekday,586929,426272,1013201
2024-06-27,Weekday,573982,434454,1008436
2024-06-28,Weekday,519127,372226,891353
2024-06-29,Saturday,426204,296659,722863
2024-06-30,Sunday/Holiday,332479,322925,655404
2024-07-01,Weekday,556122,362056,918178
2024-07-02,Weekday,554430,411251,965681
2024-07-03,Weekday,575361,404738,980099
2024-07-04,Sunday/Holiday,319593,237409,557002
2024-07-05,Weekday,472097,346546,818643
2024-07-06,Saturday,400805,322596,723401
2024-07-07,Sunday/Holiday,304485,241639,546124
2024-07-08,Weekday,523371,364702,888073
2024-07-09,Weekday,543503,400891,944394
2024-07-10,Weekday,560627,409640,970267
2024-07-11,Weekday,569850,418692,988542
2024-07-12,Weekday,548479,381120,929599
2024-07-13,Saturday,424138,300881,725019
2024-07-14,Sunday/Holiday,303034,217483,520517
2024-07-15,Weekday,514909,360359,875268
2024-07-16,Weekday,565584,408295,973879
2024-07-17,Weekday,579034,417491,996525
2024-07-18,Weekday,563700,423510,987210
2024-07-19,Weekday,536479,407254,943733
2024-07-20,Saturday,415213,336971,752184
2024-07-21,Sunday/Holiday,336062,262703,598765
2024-07-22,Weekday,536657,384948,921605
2024-07-23,Weekday,563934,431681,995615
2024-07-24,Weekday,574946,434300,1009246
2024-07-25,Weekday,571492,427841,999333
2024-07-26,Weekday,543502,393133,936635
2024-07-27,Saturday,426551,328573,755124
2024-07-28,Sunday/Holiday,305854,225835,531689
2024-07-29,Weekday,499487,347579,847066
2024-07-30,Weekday,564465,418450,982915
2024-07-31,Weekday,553120,451191,1004311
2024-08-01,Weekday,554928,506493,1061421
2024-08-02,Weekday,540073,474521,1014594
2024-08-03,Saturday,424966,401995,826961
2024-08-04,Sunday/Holiday,330850,304125,634975
2024-08-05,Weekday,501014,373023,874037
2024-08-06,Weekday,536195,418245,954440
2024-08-07,Weekday,572289,435129,1007418
2024-08-08,Weekday,555177,415675,970852
2024-08-09,Weekday,534634,407471,942105
2024-08-10,Saturday,429880,355517,785397
2024-08-11,Sunday/Holiday,335905,277892,613797
2024-08-12,Weekday,511004,367635,878639
2024-08-13,Weekday,561949,432482,994431
2024-08-14,Weekday,566338,414324,980662
2024-08-15,Weekday,519903,391361,911264
2024-08-16,Weekday,526888,392699,919587
2024-08-17,Saturday,388616,312275,700891
2024-08-18,Sunday/Holiday,319383,253295,572678
2024-08-19,Weekday,498548,335708,834256
2024-08-20,Weekday,521241,361335,882576
2024-08-21,Weekday,528372,364450,892822
2024-08-22,Weekday,529364,377301,906665
2024-08-23,Weekday,519640,368235,887875
2024-08-24,Saturday,404561,296195,700756
2024-08-25,Sunday/Holiday,325668,239814,565482
2024-08-26,Weekday,596306,376308,972614
2024-08-27,Weekday,583649,409119,992768
2024-08-28,Weekday,637588,442189,1079777
2024-08-29,Weekday,644581,469123,1113704
2024-08-30,Weekday,606824,417283,1024107
2024-08-31,Saturday,428266,353476,781742
2024-09-01,Sunday/Holiday,344967,290763,635730
2024-09-02,Sunday/Holiday,325776,239695,565471
2024-09-03,Weekday,654167,437190,1091357
2024-09-04,Weekday,653220,454140,1107360
2024-09-05,Weekday,644748,447217,1091965
2024-09-06,Weekday,616701,434618,1051319
2024-09-07,Saturday,409867,335343,745210
2024-09-08,Sunday/Holiday,320438,267262,587700
2024-09-09,Weekday,618371,405350,1023721
2024-09-10,Weekday,646216,451939,1098155
2024-09-11,Weekday,655564,452664,1108228
2024-09-12,Weekday,637736,454382,1092118
2024-09-13,Weekday,610703,407861,1018564
2024-09-14,Saturday,412078,324266,736344
2024-09-15,Sunday/Holiday,308413,257266,565679
2024-09-16,Weekday,607976,412568,1020544
2024-09-17,Weekday,651158,466890,1118048
2024-09-18,Weekday,655614,467380,1122994
2024-09-19,Weekday,652616,478448,1131064
2024-09-20,Weekday,622603,444850,1067453
2024-09-21,Saturday,433756,343362,777118
2024-09-22,Sunday/Holiday,271129,219586,490715
2024-09-23,Weekday,613582,407176,1020758
2024-09-24,Weekday,582939,434551,1017490
2024-09-25,Weekday,669879,472330,1142209
2024-09-26,Weekday,659106,474890,1133996
2024-09-27,Weekday,564419,418093,982512
2024-09-28,Saturday,384642,312755,697397
2024-09-29,Sunday/Holiday,312714,246922,559636
2024-09-30,Weekday,619994,406220,1026214
2024-10-01,Weekday,675858,457355,1133213
2024-10-02,Weekday,663546,452173,1115719
2024-10-03,Weekday,670461,454449,1124910
2024-10-04,Weekday,619444,409598,1029042
2024-10-05,Saturday,431370,318359,749729
2024-10-06,Sunday/Holiday,336190,248486,584676
2024-10-07,Weekday,623133,406230,1029363
2024-10-08,Weekday,652969,459661,1112630
2024-10-09,Weekday,661361,467517,1128878
2024-10-10,Weekday,650278,485221,1135499
2024-10-11,Weekday,624145,456909,1081054
2024-10-12,Saturday,427732,369877,797609
2024-10-13,Sunday/Holiday,280965,466771,747736
2024-10-14,Weekday,486971,384342,871313
2024-10-15,Weekday,582685,444249,1026934
2024-10-16,Weekday,652964,462121,1115085
2024-10-17,Weekday,650082,466090,1116172
2024-10-18,Weekday,627426,413404,1040830
2024-10-19,Saturday,425987,354109,780096
2024-10-20,Sunday/Holiday,321239,239392,560631
2024-10-21,Weekday,619582,403752,1023334
2024-10-22,Weekday,642373,451887,1094260
2024-10-23,Weekday,653689,461471,1115160
2024-10-24,Weekday,654696,465121,1119817
2024-10-25,Weekday,611655,408835,1020490
2024-10-26,Saturday,427475,296326,723801
2024-10-27,Sunday/Holiday,312965,215594,528559
2024-10-28,Weekday,611041,389359,1000400
2024-10-29,Weekday,652674,444706,1097380
2024-10-30,Weekday,657942,451915,1109857
2024-10-31,Weekday,605292,425596,1030888
2024-11-01,Weekday,618998,381782,1000780
2024-11-02,Saturday,410559,281277,691836
2024-11-03,Sunday/Holiday,267845,227887,495732
2024-11-04,Weekday,553515,383217,936732
2024-11-05,Weekday,519574,379110,898684
2024-11-06,Weekday,631969,427995,1059964
2024-11-07,Weekday,644506,450680,1095186
2024-11-08,Weekday,601808,396291,998099
2024-11-09,Saturday,391070,288855,679925
2024-11-10,Sunday/Holiday,306889,232420,539309
2024-11-11,Weekday,556273,358572,914845
2024-11-12,Weekday,640199,437888,1078087
2024-11-13,Weekday,633647,434362,1068009
2024-11-14,Weekday,620448,439564,1060012
2024-11-15,Weekday,603141,397040,1000181
2024-11-16,Saturday,399551,316374,715925
2024-11-17,Sunday/Holiday,308995,233733,542728
2024-11-18,Weekday,565097,383053,948150
2024-11-19,Weekday,639269,439683,1078952
2024-11-20,Weekday,625498,428958,1054456
2024-11-21,Weekday,539977,414493,954470
2024-11-22,Weekday,583958,431451,1015409
2024-11-23,Saturday,384030,340935,724965
2024-11-24,Sunday/Holiday,301518,222021,523539
2024-11-25,Weekday,512387,344627,857014
2024-11-26,Weekday,518470,356826,875296
2024-11-27,Weekday,477247,308919,786166
2024-11-28,Sunday/Holiday,190991,132382,323373
2024-11-29,Weekday,344005,224635,568640
2024-11-30,Saturday,308864,217565,526429
2024-12-01,Sunday/Holiday,251107,175212,426319
2024-12-02,Weekday,554092,349175,903267
2024-12-03,Weekday,607733,405908,1013641
2024-12-04,Weekday,600576,411039,1011615
2024-12-05,Weekday,564481,401576,966057
2024-12-06,Weekday,559457,371522,930979
2024-12-07,Saturday,384908,286352,671260
2024-12-08,Sunday/Holiday,310160,216292,526452
2024-12-09,Weekday,585535,364276,949811
2024-12-10,Weekday,597740,406353,1004093
2024-12-11,Weekday,580091,398016,978107
2024-12-12,Weekday,481459,350852,832311
2024-12-13,Weekday,521773,360766,882539
2024-12-14,Saturday,347954,262799,610753
2024-12-15,Sunday/Holiday,277186,198006,475192
2024-12-16,Weekday,551435,342529,893964
2024-12-17,Weekday,582711,391307,974018
2024-12-18,Weekday,577854,382314,960168
2024-12-19,Weekday,552524,373795,926319
2024-12-20,Weekday,509530,326711,836241
2024-12-21,Saturday,346988,234439,581427
2024-12-22,Sunday/Holiday,271433,188272,459705
2024-12-23,Weekday,425982,267754,693736
2024-12-24,Weekday,341225,181487,522712
2024-12-25,Sunday/Holiday,146592,86287,232879
2024-12-26,Weekday,366721,225335,592056
2024-12-27,Weekday,394689,245475,640164
2024-12-28,Saturday,348599,222891,571490
2024-12-29,Sunday/Holiday,231003,158657,389660
2024-12-30,Weekday,447644,285475,733119
2024-12-31,Weekday,386206,281447,667653
2025-01-01,Sunday/Holiday,225009,190989,415998
2025-01-02,Weekday,422094,279791,701885
2025-01-03,Weekday,431350,283675,715025
2025-01-04,Saturday,313164,211604,524768
2025-01-05,Sunday/Holiday,239450,153014,392464
2025-01-06,Weekday,480075,318068,798143
2025-01-07,Weekday,539070,371290,910360
2025-01-08,Weekday,544855,373118,917973
2025-01-09,Weekday,550177,368934,919111
2025-01-10,Weekday,494608,312132,806740
2025-01-11,Saturday,341087,226653,567740
2025-01-12,Sunday/Holiday,247097,163835,410932
2025-01-13,Weekday,520841,342573,863414
2025-01-14,Weekday,535915,381845,917760
2025-01-15,Weekday,548773,379995,928768
2025-01-16,Weekday,580058,395025,975083
2025-01-17,Weekday,566655,350717,917372
2025-01-18,Saturday,352875,235950,588825
2025-01-19,Sunday/Holiday,220064,146185,366249
2025-01-20,Weekday,255814,164914,420728
2025-01-21,Weekday,294363,209433,503796
2025-01-22,Weekday,502247,348428,850675
2025-01-23,Weekday,560708,380982,941690
2025-01-24,Weekday,517992,316577,834569
2025-01-25,Saturday,353449,229265,582714
2025-01-26,Sunday/Holiday,263357,167555,430912
2025-01-27,Weekday,557840,346652,904492
2025-01-28,Weekday,600629,398829,999458
2025-01-29,Weekday,600988,399561,1000549
2025-01-30,Weekday,597148,395576,992724
2025-01-31,Weekday,504505,309032,813537
2025-02-01,Saturday,375592,231851,607443
2025-02-02,Sunday/Holiday,276799,172094,448893
2025-02-03,Weekday,561089,344871,905960
2025-02-04,Weekday,601920,397482,999402
2025-02-05,Weekday,588472,392240,980712
2025-02-06,Weekday,565576,380737,946313
2025-02-07,Weekday,568753,334477,903230
2025-02-08,Saturday,354675,225361,580036
2025-02-09,Sunday/Holiday,283740,178617,462357
2025-02-10,Weekday,566314,340368,906682
2025-02-11,Weekday,602680,394158,996838
2025-02-12,Weekday,495987,323871,819858
2025-02-13,Weekday,561666,377046,938712
2025-02-14,Weekday,530108,327173,857281
2025-02-15,Saturday,354572,234600,589172
2025-02-16,Sunday/Holiday,276210,177108,453318
2025-02-17,Weekday,368849,239262,608111
2025-02-18,Weekday,492897,326560,819457
2025-02-19,Weekday,550895,364221,915116
2025-02-20,Weekday,574080,380904,954984
2025-02-21,Weekday,553951,328596,882547
2025-02-22,Saturday,370787,234375,605162
2025-02-23,Sunday/Holiday,281484,174047,455531
2025-02-24,Weekday,578860,353291,932151
2025-02-25,Weekday,575346,396347,971693
2025-02-26,Weekday,609866,397146,1007012
2025-02-27,Weekday,613402,402457,1015859
2025-02-28,Weekday,590955,352148,943103
2025-03-01,Saturday,380591,240413,621004
2025-03-02,Sunday/Holiday,291627,180050,471677
2025-03-03,Weekday,578006,345594,923600
2025-03-04,Weekday,580293,390147,970440
2025-03-05,Weekday,603951,397881,1001832
2025-03-06,Weekday,619806,404819,1024625
2025-03-07,Weekday,555241,335864,891105
2025-03-08,Saturday,398766,258254,657020
2025-03-09,Sunday/Holiday,302103,192874,494977
2025-03-10,Weekday,593786,371554,965340
2025-03-11,Weekday,626067,418826,1044893
2025-03-12,Weekday,633486,421745,1055231
2025-03-13,Weekday,632710,433941,1066651
2025-03-14,Weekday,610031,416441,1026472
2025-03-15,Saturday,419140,569090,988230
2025-03-16,Sunday/Holiday,273811,212415,486226
2025-03-17,Weekday,592276,388387,980663
2025-03-18,Weekday,631010,433816,1064826
2025-03-19,Weekday,586106,410146,996252
2025-03-20,Weekday,597866,410831,1008697
2025-03-21,Weekday,586769,365803,952572
2025-03-22,Saturday,392188,269950,662138
2025-03-23,Sunday/Holiday,273302,209303,482605
2025-03-24,Weekday,491872,320551,812423
2025-03-25,Weekday,537207,371997,909204
2025-03-26,Weekday,545509,373308,918817
2025-03-27,Weekday,523815,375538,899353
2025-03-28,Weekday,512649,339773,852422
2025-03-29,Saturday,387569,265050,652619
2025-03-30,Sunday/Holiday,285253,189181,474434
2025-03-31,Weekday,522245,355008,877253
2025-04-01,Weekday,600564,408193,1008757
2025-04-02,Weekday,524319,376485,900804
2025-04-03,Weekday,660304,438577,1098881
2025-04-04,Weekday,604237,399136,1003373
2025-04-05,Saturday,411217,329910,741127
2025-04-06,Sunday/Holiday,320063,229137,549200
2025-04-07,Weekday,577558,376220,953778
2025-04-08,Weekday,612600,431129,1043729
2025-04-09,Weekday,613773,423298,1037071
2025-04-10,Weekday,621071,426285,1047356
2025-04-11,Weekday,607742,388639,996381
2025-04-12,Saturday,417636,295686,713322
2025-04-13,Sunday/Holiday,322033,227473,549506
2025-04-14,Weekday,601239,382752,983991
2025-04-15,Weekday,628715,431442,1060157
2025-04-16,Weekday,647017,439567,1086584
2025-04-17,Weekday,618797,438225,1057022
2025-04-18,Weekday,530317,379633,909950
2025-04-19,Saturday,398189,291288,689477
2025-04-20,Sunday/Holiday,276828,192934,469762
2025-04-21,Weekday,563978,361549,925527
2025-04-22,Weekday,635896,449995,1085891
2025-04-23,Weekday,620545,448723,1069268
2025-04-24,Weekday,653241,448572,1101813
2025-04-25,Weekday,580882,400327,981209
2025-04-26,Saturday,428587,317347,745934
2025-04-27,Sunday/Holiday,329874,245932,575806
2025-04-28,Weekday,604201,393731,997932
2025-04-29,Weekday,638090,439903,1077993
2025-04-30,Weekday,632346,435347,1067693
